0.000000000000000000e+00
0.000000000000000000e+00
1.078553500715373134e-04
5.624267070407536206e-06
2.114444456663747834e-02
-3.412501995855800330e-02
-4.136903080928305138e-02
-1.030534926468038709e-02
-2.444236113568955954e-02
-1.284043438148419793e-02
1.519227375737335073e-04
-4.969146029983745327e-04
0.000000000000000000e+00
0.000000000000000000e+00
0.000000000000000000e+00
-1.146985085658273548e-03
8.445321554985483342e-04
8.111589113750827806e-02
-1.119545866077708701e-01
6.965850037600962441e-01
-2.505858667395681749e-01
1.840541745957687547e-01
-1.430898442302290241e-01
-8.686617888081945571e-01
-2.184640107462387792e-01
4.686096832719633537e-02
-6.587699720174118936e-03
-1.464400999279854426e-04
1.687943949381116165e-04
4.801257522471253508e-03
-2.372670304880988013e-01
6.881949382664745984e-01
1.654421239313201009e-01
2.698892906920609569e+00
-2.149546393035074221e+00
1.729241586944307407e+00
-2.555164931061435052e+00
2.870660109895271095e+00
1.576799885830517667e+00
2.055370322103108105e+00
1.091896152895428379e-01
-9.392444854099298024e-04
1.890991630263631068e-03
-6.541681496084923719e-03
-6.789265909473035654e-01
-1.455108429255786984e+00
7.742329238300612593e-01
-5.383985781917872693e-01
1.041857958786174931e+00
1.456968509348723240e+00
-1.617742439490943873e+00
-4.189986312100064225e+00
-9.766078909706054495e-03
-5.497714895004013336e-01
4.314637567298597598e-01
-9.661900338071893746e-02
2.473476530935820109e-02
-9.020894247276046995e-02
1.364787040611782798e+00
5.609146128038225321e+00
4.901562584751597562e+00
-1.222919814974129382e+00
6.187711320699012418e+00
-8.079955497990870539e-02
2.472156393110971795e+00
2.625448743951255270e+00
-3.526392608058917411e+00
-1.866713449066317088e+00
-1.093346520060121119e-01
-8.429315662762974781e-02
1.354771113554805589e-02
-2.394976194856793250e-01
2.001229101405120614e-01
-1.320846526300793133e+00
-3.843963313815554006e+00
-1.000559714102596764e+01
-6.976773712868414634e+00
7.700009092229814778e-01
-5.994712922372230635e-01
6.583992157109075372e+00
1.229440768334448286e+01
5.904726803074908048e+00
-6.964752040573189973e-01
-1.971465545826632526e-03
-2.079906640797477002e-04
-2.572472208838819108e-01
3.186941032285806608e-01
-4.931094031227802432e+00
-2.725465083056022753e+00
-1.180055273063184362e+00
1.729367621980935521e+00
3.678795395885888997e+00
-2.625654457760794536e+00
-5.720538880219817601e-01
-2.209648676927906119e-01
2.579291130364123497e+00
-7.680116116548377780e-01
-1.107472257682370204e-02
-5.152743325878735015e-03
-1.143648118627450527e-01
3.793631199466591664e-01
-5.901639738632399990e+00
-1.217921045237847189e+01
-6.194008123793903309e+00
-1.783299530016776657e+00
-2.422485032248060666e+00
8.108015442117579852e+00
1.873601080107454520e+00
-3.510649037120352478e+00
1.136112832522619298e+00
8.232551052206414643e-02
-1.262918363807230826e-01
-8.687499216102761990e-04
-1.410414461491902444e-02
-2.320482449198854713e+00
-3.646670062289235847e+00
-9.898547921378129999e+00
-2.635076960783087952e+00
-1.371040215595296541e+00
1.397861514843934394e+00
6.526709897740606614e+00
4.140300856874377544e+00
5.051463777448902626e+00
3.217575229881976639e+00
5.043954491948952068e-01
-6.460597319168752406e-02
2.623457469276210818e-03
1.487359489723899253e-01
9.388355641122819728e-01
-4.098443367957596450e+00
-5.315629877559059580e+00
-5.883394856070079726e+00
2.824825307525458129e-01
5.097503104151352993e-01
-1.987438988756756508e+00
3.204650249984966059e+00
-8.204448095699372334e-02
-1.104261157445422636e+00
6.316992360575792720e-01
-9.060286281067833625e-02
1.429417542545084047e-02
-1.626375091388519434e-01
1.879386877907734732e+00
-1.266220637217247980e+00
-1.835153597520389201e+00
-2.592781409535864223e-01
1.561665713970352698e+00
2.769546982213117570e+00
1.384007914601698808e+00
1.223665512253987231e+00
-5.513875355030390946e-01
2.473809394161409880e+00
-1.324569650967485912e-01
2.242399313348401868e-02
5.505484338818450452e-04
-1.131519887162535376e-02
6.340983759350101723e-01
-4.764284076068208140e-01
1.070246812808839820e+00
-5.138834472841105061e+00
-5.789025645097124695e+00
-2.708762975763001624e+00
-9.582120480641256322e-01
-1.589189124120418350e+00
-3.093704486953601784e-01
5.802442235502622281e-02
6.252799903284228522e-04
-1.317616515460889870e-03
0.000000000000000000e+00
-1.101673044305064020e-02
3.246446991071478827e-01
6.848804610991385822e-01
5.016125203269675148e-02
-2.993343006232537795e-02
3.348022367796656962e+00
-1.275609683815386752e+00
1.439713912186309619e+00
1.086383760518340846e+00
2.672495850448812771e-01
5.928869013316698244e-02
1.798487979961897743e-02
-1.665451694523450987e-03
0.000000000000000000e+00
4.341337597572880735e-05
-2.238918872608103294e-02
6.134774195370659711e-03
-5.477005879427412904e-02
5.348425338919972349e-02
9.139275984097142702e-01
-2.870812104362359674e-01
1.005099462014248657e-02
-6.263629529911114713e-02
8.346321553375293800e-03
-1.108823732267824602e-03
-2.256782759800513016e-05
0.000000000000000000e+00
