3.815618133916479082e-02
6.556425004718521854e-02
4.175254933406884195e-02
3.969096116310672634e-02
1.564935690573593385e-02
-5.826968911803445325e-03
1.984192995639692467e-02
-5.866947333471150827e-02
-1.627032352568408627e-02
4.493485501833667690e-03
-3.506097535814023392e-02
6.066317709055020317e-03
-2.784647567920109715e-02
-3.161870353735052319e-02
2.771146310460808129e-02
1.871165236186247971e-02
4.136318538542022027e-02
-2.349689111997513985e-02
1.031631506165473222e-01
-3.375738602487290962e-02
-6.155501389887872016e-02
3.853979434117202688e-03
1.717138709675836497e-02
7.530354794833490906e-02
9.753161515046983310e-02
-1.109422683141260760e-02
-4.336827430173281761e-02
3.767974846203984290e-02
5.193825730742262364e-02
-1.080310863007627291e-02
8.373479129129487997e-02
9.387395308129137250e-02
5.502122691646341851e-02
-9.532171534542242808e-02
1.136635186499261319e-01
-3.888161316883639862e-02
-3.459833830028605922e-02
-2.265272290484044160e-01
1.414708864457187888e-02
-1.309377411142930055e-02
-2.070587854624257873e-01
4.556358658905216297e-01
5.831672260708993250e-01
5.357070482331881267e-02
2.014268720996733042e-01
6.332958357320971343e-01
4.720980332026002146e-02
-1.986557439831752522e-02
1.591818890484019422e-01
2.070886392995744674e-01
4.087957133769976742e-02
7.204234128390307398e-03
-6.336837644831225247e-02
-6.292565236056175959e-02
-1.748354334088150497e-01
1.491264324119995210e-01
-3.296049284146821967e-01
-5.383407058074394375e-02
-3.964781929865655863e-02
2.468286816926265614e-02
2.137369930992993883e-01
-4.047305656786905903e-01
-2.327062440472598970e-01
1.886669402244886551e-01
4.913535890099384601e-02
-5.364178337871378793e-02
3.588358731034793636e-01
2.117805935144027263e+00
9.856040261348869569e-01
5.920422483540093150e-01
4.775231277467169577e-01
7.036617312746580311e-01
1.519101294001137803e-01
3.402977773981578635e-01
3.922076849843282864e-01
2.113461678551384892e-01
1.870213860329355410e-02
1.153307012038561341e-01
-3.103778651465639027e-01
9.912189380276377471e-02
-1.758791235044530887e-01
-3.091172230839820956e-01
-1.695199600327710818e-02
1.318542437265396439e-01
1.403154529023881436e-01
-1.830966710885686133e-01
-2.769659120811221453e-01
-3.303685697339693583e-02
-8.598731479020436108e-01
-7.307131360428410771e-02
4.415344061175618395e-01
1.127379865212057852e-01
-1.724206749888191337e-01
8.369540040813433501e-01
-4.242496048052031288e-01
-5.935807062475324802e-02
2.098253153440992336e-01
7.508394167112073525e-01
1.077024674137722959e+00
5.389988590143949265e-01
1.499573429564432514e-01
1.544158907656372426e+00
1.224726136921181707e+00
-4.367517793347824862e-01
5.408174019367099072e-01
5.353812183953596954e-02
-4.986798046169847454e-01
-1.936039566001750423e-01
-4.260452006044210260e-01
5.973553642664095054e-02
3.850954175115017253e-01
-5.611808973152990210e-02
-1.374604354843246556e-02
-1.781899918257496274e-01
1.007223682415064464e-01
-3.366552049379715195e-01
1.912073740550739032e-03
-4.388282767799110973e-01
8.037986053664736286e-02
2.734926470764151990e-02
-5.850750412982032023e-01
-2.288611349807721240e-01
5.120655579778674582e-01
3.826013767668496879e-01
1.434791490472365483e-01
-1.798035004229887185e-02
-9.540141799647700732e-03
-4.748096272410998880e-02
1.650099226003240771e+00
8.737053208891266964e-02
3.924314107169295934e-02
1.772949399165874296e-01
-5.621485601381621677e-01
-4.363707049831835327e-01
3.653440598590544652e-02
8.076063864116993229e-02
-6.608773071050928760e-02
-2.243484254328773769e-02
-2.207666517615460566e-01
-1.170590816847584481e+00
-9.088156087768990699e-02
-3.786623313122342571e-01
2.164732750063562416e-02
-7.529414240234496569e-01
-4.872602933605119091e-01
2.433182662954568032e-01
5.884454043077712582e-01
4.328054593450260668e-01
2.136080922128069659e-01
1.952292667240212443e-01
1.479922294359784729e+00
9.902198699401552062e-01
1.246913824306909724e-01
4.007954673223386166e-01
-5.110434630775607667e-01
-1.445572700619224937e+00
7.972428257049368749e-02
1.106417299695083151e-01
-7.758999737852252387e-01
-1.073135717913125953e-01
2.763636767176558262e-01
5.138895478580627341e-01
3.041683952257311363e-01
3.759455638907994723e-01
-1.660216530306171390e-01
8.388555444867849820e-02
2.171954817471646315e-01
3.859926079049320613e-01
-4.585846111331047803e-01
-8.985420218738261744e-02
-2.540156588715395958e-01
-1.973771822952287147e-01
-1.036219698441129267e-01
1.207072990928219763e-01
2.017583070735131379e-01
-9.826621588182940514e-02
-7.566228677005366610e-01
-7.342789326991597809e-01
2.727225211159077789e-01
6.670753403543831783e-03
-1.055842044842404626e+00
1.134375394017811400e-01
2.085976680913639580e-01
4.293517104361982972e-01
-6.790067879666306094e-01
2.055586917130937108e-01
1.230206260685465652e-01
1.379453863124737723e+00
-1.198047821513456901e+00
-1.456467240192873824e-01
7.120799814439288111e-01
-8.469055828672512609e-01
-2.091661304260772902e-01
7.702805220280050102e-01
-1.116970703610815630e-01
3.586660367582966136e-01
-1.377484607314235360e-02
-5.159650542622832292e-01
-2.271594841436611611e-01
5.069101864825509285e-01
-9.760697457488615170e-02
1.786007190437196440e-02
2.361547522480465511e-01
-1.712326411847271690e-01
-1.568172015458703383e-01
-5.273863244603270717e-01
6.293816541167678025e-02
7.901430004308031274e-02
1.083842595720439783e-01
2.832662236346193962e-01
-1.663431120641628569e-01
4.815922334620165168e-02
1.356090570082350288e-01
1.728389231609719634e-01
-9.492903837211722484e-01
-6.183203342619101456e-02
1.474267233108044611e-02
-1.147108275537144451e+00
9.739049209732571211e-02
1.877130172088775084e-01
3.721010942428970569e-01
2.043808712028083452e-02
3.772420021277284041e-01
-2.844798609280378976e-01
-1.787169493501321316e-01
-2.342838344680797658e-02
7.590038083879827591e-01
-3.839157856823805642e-02
-2.389868347312885111e-01
6.910760623707411232e-02
-1.207165617859735224e-01
-1.134891393921207137e-01
7.184612645203154735e-02
-1.003944065243152634e-01
5.394309104607724059e-01
2.427976031107439703e-01
1.237979326881486486e+00
2.901262486412195529e-01
-1.124207321894594713e-01
-1.983740797742374218e+00
-6.688996578765177281e-02
-1.362352558613032505e+00
-2.722978591801375359e+00
-5.223028934450051342e-01
-1.705639832819171586e-01
-4.030752249117516839e-02
-8.630914599444712565e-03
9.607900328687056513e-02
-1.118717950867741395e+00
-2.208041418444700033e-01
-4.028970441299906113e-02
3.950746872267117960e-01
9.258677451118042523e-01
6.641944085884494975e-02
-4.046391760613270161e-03
3.828305206581570364e-01
1.488158663110871749e-01
-4.218583609229363263e-01
1.502579404096763549e-01
3.106484473897530574e-01
9.277337263758397290e-01
-6.044475932468320600e-01
-8.739500337105310379e-01
7.447170597535933412e-03
-9.613037907525973091e-02
-1.250675893396321903e-01
-1.583247350880976623e-01
-2.486104116852837775e-01
-8.519663822754812432e-02
-5.481396833032902566e-02
2.077968978027441571e-01
-1.611841272396901337e+00
-3.251083393783971154e-01
-1.314811211191517337e+00
-2.412735991478946740e-01
4.766139009599202475e-02
-9.114097275432671286e-02
8.053139733473109463e-02
-2.253329797547365121e-01
6.843853168686173105e-02
-1.466315604557559549e-01
-8.063034005333265253e-02
5.454408437524692621e-01
-1.164111781395884421e-01
-3.594598841842426840e-01
3.583499823564627040e-01
1.386531517421035753e+00
4.818340621197013118e-01
2.381143159763425277e-01
2.749723989056230278e-01
1.523362342450984563e-01
8.880126670662846777e-01
1.835434362980857548e-02
4.868812698235634451e-01
-4.198462742884771504e-01
-4.332065428118122008e-01
2.983071213075823014e-01
-4.993048786102556313e-01
-4.320569816682702236e-01
5.614838371780558335e-01
-7.723324381539485861e-01
-7.894429172491642666e-01
7.097618759738721916e-01
-5.482080604546705205e-01
-5.758381868097278700e-01
-1.126805077719607473e+00
-5.407655694181267014e-01
-9.850593855308945601e-01
2.926869734618843810e-01
5.009019254404324384e-01
1.978145318219399346e-02
1.560627970137538206e-02
-6.866644709768982002e-02
-6.100754313973031362e-01
-4.386599399388083076e-02
5.262081251462824572e-02
2.411303325004343079e-01
-2.461787312545930251e-01
2.009601936499641472e-01
1.197774632730446570e-01
5.975030212491874160e-01
9.836595464378372622e-03
-3.252837575643420243e-01
-2.451259788021059038e-01
-1.282726709768118978e+00
-3.967796792815874718e-01
-1.776976132535470043e+00
-1.193523163668230191e+00
-1.201100106767213210e-01
-1.821319574016496023e+00
-9.721993761186050742e-01
-3.463764895919163034e-01
-3.625042970492771688e-01
2.151965856670400024e-01
-7.433727093478573189e-02
3.070689544835709661e-01
1.158658936351898705e-02
-3.283257053996770369e-01
-4.980395168889280022e-01
-3.412530146297034217e-01
2.290740243240246832e-02
1.517955335915768811e-01
7.187389222825489588e-02
2.255208977799527115e-01
-1.024628995720602842e-01
-7.516347415412356903e-02
-1.136991843904422428e-02
1.858703935963754161e-01
2.791991971608839274e-01
-2.405986823897799665e-01
1.358792460336849528e-01
-6.554043483881187848e-01
5.027770914819724712e-01
-3.600595700598528959e-01
1.700986417038207743e-01
-7.827052560800511483e-01
-7.733287176129449714e-01
-2.411278013224761041e-01
-2.257499691665949826e-01
-2.000429432441044764e+00
-6.751193545411188213e-01
-1.660340454398730181e-01
-3.384705695868868158e-01
-2.478510221046604511e-01
-3.380301961590591042e-01
4.544354580203295579e-02
9.360339171967345384e-02
-3.731620859290067926e-01
6.750155203110591584e-02
9.628940824931223053e-02
-2.221070747058986328e-01
1.834348784695606638e-02
7.500809449619873226e-02
-1.333459941767027590e-01
1.590824927426813529e-01
2.331300849155865107e-02
-2.743729005827855727e-01
-6.606044227462117002e-02
-8.356021087368124822e-02
6.099950364399017722e-02
7.940497166909754601e-03
5.945897880912237587e-02
-2.175041973785651894e-02
-8.431498974763133869e-02
-8.440627401358480331e-02
9.844264525315886416e-02
-5.006082875913704378e-01
-8.782682359175821019e-02
1.347572225161852710e-01
1.352946046718865591e-01
-1.136118275178385484e-01
-2.787637909940337555e-01
4.748976952396316564e-02
-6.193433675161577612e-02
2.808284478269043594e-02
2.481832587272053692e-02
-2.638950277788001952e-02
7.591024716278871320e-02
-2.144992195213073216e-02
4.805760116309391872e-02
