-1.151206286248611238e-01
-3.184088027614916799e-02
4.402952100766828192e-01
3.949999194502080146e-01
4.730326156377029911e-01
9.578533013400054585e-01
9.033791992503636958e-01
2.615872385320966442e-01
1.546034755425806928e-01
9.010123402664196313e-01
-1.572805538535646808e-01
5.092489670386539657e-01
2.512574509389530197e-01
-4.866899225147974239e-01
1.123487255738370855e-01
7.249751483407808061e-01
2.160800702851996546e-01
8.937833418826721665e-01
1.298130322291315863e+00
3.446965214476508388e-01
6.507338321906674938e-01
6.673775196331749315e-01
5.868733577826432818e-02
-3.530585148086548553e-01
7.473731128491545306e-02
-2.189516442294598131e-01
2.396012339475519781e-01
4.307447747834792229e-01
-1.098038798628313620e-02
2.053304594383802417e-01
2.216414496218903629e-01
2.470129453421311960e-01
-2.872149496679205494e-01
1.595729594533565887e-01
1.493783489283468657e-01
2.884223708194799118e-01
-2.508239960610325614e-01
2.987164288456947148e-01
3.440589763466965767e-01
-4.263194018506023808e-02
1.090184811338411053e-01
7.540399655530023448e-01
1.203945695115230252e-01
3.365788820762039002e-01
1.058158784038179950e-01
3.149722266462601228e-01
1.873625948116961482e-01
3.257451337907368849e-01
-2.462343399327641402e-01
-3.377164767703487724e-01
5.129034024951568682e-01
-4.969333023504998725e-01
-8.582380617335318151e-02
-1.835421071319249531e-01
3.757527828754457233e-01
-1.480784799656623407e-01
3.194598823331779025e-01
8.304476071129451853e-01
4.949534860117970475e-02
6.448024940558289009e-01
5.146944728327721430e-01
3.744298526677631300e-01
4.427349221244523125e-01
-1.407732445203211613e+00
1.111832806243275407e+00
-9.102040779404900472e-02
2.153390877083214694e-01
6.422727438261388588e-02
3.130511720640313800e-01
-4.071925069061523017e-02
1.235566010446991908e-01
-7.644162081208057125e-04
2.586947619264801101e-01
-4.350084628953337917e-01
-4.584081688866035176e-01
5.265052956237442627e-01
-5.027613547107655512e-01
2.294691732553414409e-01
-5.784857433689151174e-01
4.531357841651385554e-01
-2.108708224495773609e-01
-1.324656133035737315e-01
-3.015402290931995868e-02
5.058623428256560084e-01
1.395886574654737311e+00
3.450007981807600155e-01
1.335551074842103725e-01
3.127454642455965161e-01
6.125806888809186557e-01
1.244820783002399678e-01
-1.284341347407313538e+00
1.571202095813515998e+00
4.063848557371184111e-01
-3.383264267715272999e-01
6.181631521999476631e-01
8.851048507335668170e-01
1.631623922048342612e+00
2.097036545203228297e-01
3.112653195580625809e-01
6.134773642192280496e-01
-4.550515143073681212e-01
9.702673525537639510e-01
1.188507058639490938e-01
4.714762108510694438e-01
2.319040013413998791e-01
1.994154939871325416e-01
5.695468298160889509e-01
4.159893266987720883e-01
2.107650324718879364e-01
6.165571622899872484e-01
-3.501922421627083337e-01
-4.817766236579995587e-01
-6.907478656304486542e-01
-1.667612495128735495e-01
-1.339882957144189257e+00
4.667566401036181700e-01
2.163222196530719121e-01
7.375285651435885548e-01
2.109082207531068898e-01
-5.131460416950675008e-01
1.371048332120868851e-01
-8.188739141486525153e-01
3.601540198964223172e-01
-1.594629980496316268e-01
2.086334302714735744e-01
6.131251314921929430e-01
8.465960095953946329e-02
-3.603721757670149545e-02
8.459051897967851952e-01
-1.518810164404579277e-01
5.312754490510588484e-02
-2.594290784989263798e-01
1.467550205658924689e+00
3.265943358257087509e-02
5.797003034857289849e-01
2.499351190159843084e-02
1.902696808867357370e-01
-6.738716906222702585e-01
-3.570794423723143152e-01
-1.954769008988516132e-01
-2.830708329329000295e-01
1.531901507025100306e+00
1.267913503577794698e-01
8.354837686654548179e-02
-1.133956704130363591e-01
1.434087481254364138e-01
1.664847910312075019e+00
-1.140610827964332746e-01
-1.413229023469481926e-01
-1.371261599686368626e-01
2.835135628079590853e-01
-1.057603703541638851e-01
3.980069293595166480e-01
-1.055161211569073665e-01
6.252949337042781330e-01
3.704756295047195030e-02
5.998642282540634918e-01
2.305036871922588049e-01
4.027009930940165239e-01
8.301249616220543470e-02
-3.882618977116715220e-01
4.449294167948800172e-02
-4.272812790786975068e-01
2.654749051960586526e-01
-3.459356928562154487e-02
-1.680240930060621779e-02
-1.139255560802816120e-01
1.814290586610268763e-01
-2.125974548510857487e-02
1.740475907600295413e-01
2.387010632231602314e-02
5.495560655740909517e-02
9.453125884514597399e-02
6.660621119966136927e-01
3.397002393963318156e-01
2.917792794021037417e-01
-6.813441078203520407e-01
-3.370497124780512666e-01
6.654697144470875791e-01
7.634114168660489641e-01
9.452389130822688723e-02
1.569929770921154599e-01
-2.441922597778067583e-01
6.999227999948937073e-01
8.138204133131388129e-01
-1.399809841394266952e-01
1.924322997440578997e-01
-3.297405624425086001e-01
8.813380376057134979e-01
5.766173024193211871e-01
8.533352526530991744e-01
5.363714675826964928e-01
5.165410834564619913e-01
3.815807619224212965e-01
3.239340977346985007e-01
-5.551607009270228543e-01
1.479684511320432383e-01
-1.812352233145986813e-01
3.216825922812676652e-01
3.391067709179783618e-01
1.254768324347841135e+00
-3.871640683974532648e-01
2.547884907789502162e-01
-5.028342031221507691e-01
2.350302630142221683e-03
5.356928397499484129e-01
-3.116778452880554773e-01
1.014677942572875941e-01
-3.748199716986470864e-02
5.131593039000952317e-01
3.972497555648248357e-01
2.152050494051054585e-01
2.613530968549127587e-01
8.163449709969183843e-02
3.137066259454148187e-01
-2.186954602232272366e-02
-6.159590671413845975e-01
4.691864920600879452e-01
-7.033936296814858880e-01
2.575731064965395278e-01
3.628557213305539375e-01
7.196085997980984361e-01
-8.137055461257623745e-02
7.283343331503274731e-01
2.080879379656340178e-01
3.206773587709037254e-02
-2.113827733598119263e+00
1.616173652327725918e+00
-2.279450762285350207e-01
-2.979075066936133220e-01
3.065743904966936051e-01
-2.054742882835356999e-01
-1.158787191669506389e-01
-4.247018739178803348e-01
6.234347107287284417e-02
3.364422207531581055e-01
3.179447952166751801e-01
-4.474020543710150455e-01
1.055707166001018882e+00
2.559274808140504787e-01
3.639780147098774510e-01
-3.942664988033006690e-01
-1.612627519685531086e-01
1.354714055313210597e-01
6.893249779901626517e-03
1.682321058097671351e-01
-3.997154400468264090e-01
1.534107528483163452e-01
-1.145383721547080569e+00
4.839039819736022374e-01
-3.690062428414854767e-01
3.913709117573391794e-01
-1.284924476639606183e+00
-2.545500108639894843e-01
-5.729571915297129031e-02
2.752454549172353437e-01
2.623712024355483174e-02
1.299345475672336880e-01
-2.536581323871016369e-02
8.816840148177622627e-01
-7.642161347156968543e-02
-1.135800908190660874e-01
-3.963417505417664577e-01
2.528116505234401790e-01
-7.261660635063090785e-01
-4.921398485032693615e-01
-2.370429851983454628e-01
1.516169350628156220e-01
-1.448290395869708258e-01
-1.609415450644878509e-01
6.999128674138772876e-02
1.048758313743525461e+00
-1.380850918578264974e-01
-1.707584743254131898e-01
-4.359960616102726005e-01
-8.297740605101759925e-01
-7.451663954956018188e-01
-9.714998251397203299e-01
5.141097416107255347e-01
-1.914409154139601055e-01
2.825287602123676550e-02
-4.245667645000860135e-01
1.723880270273906445e-01
-7.307557434031893839e-01
1.231385036829001495e-01
1.231941456404130053e-01
-3.013518059689825890e-01
-8.848640916295615888e-01
-3.539730540789640112e-01
-1.640335092193594690e-01
-7.883805815892941382e-01
2.184867502831632502e-01
-1.087987175692846087e+00
6.795118171142554564e-01
-6.227408831877348505e-03
-1.778152873474752593e-01
-3.713020346138860006e-01
-1.203031144098119093e-01
-7.947975130816491429e-01
-1.081456448850503405e+00
4.342765621280194055e-01
-1.160939777757725277e+00
3.920519124714925141e-01
1.913655114560344206e-01
1.010686151949784645e-01
3.878850479095480308e-01
-1.072704573347113666e+00
-3.471998558164006710e-01
2.381172258493144400e-01
-5.441494191946822934e-01
1.123521679275850671e+00
-1.242312518126217902e-01
-2.985586399170160887e-01
-2.522855023245375583e-01
-1.418371922020517095e+00
-6.197437158767405974e-01
-3.637576462467081995e-01
-1.802374796555303305e-01
2.904894817216605030e-01
6.819626826939668707e-01
1.903711844225639827e-01
4.426771826634805507e-01
-2.039967050579492291e-01
-1.216648701885024941e+00
-7.429130029973970428e-01
-7.337936136541170495e-03
7.349480367826056737e-01
-6.732619954757415037e-01
3.139104056389466213e-01
-6.528602765169810862e-03
3.192389628405446489e-01
-6.010705163664309403e-01
1.696872243229716193e-01
-2.948381425233425057e-01
-8.561985077545387901e-02
-3.107756212179704214e-01
-5.395027147935428369e-01
1.254718752867998999e-01
-5.292270204731476524e-02
2.944498194228876153e-01
1.600586864046113500e-02
8.136105930883590076e-02
4.128226027792780695e-01
3.032715746554507374e-01
-8.774669356342943427e-01
3.975515591903185375e-01
-9.519252867418778186e-01
-7.758894927673704034e-02
-9.433319180245265667e-02
2.088618025492677832e-03
-8.279729918356585339e-01
1.301695593628046321e+00
-4.403301889163453442e-01
-1.095324004775268673e-01
7.387137423455186758e-01
-1.853311865516928947e-01
1.870786311237646049e-02
-6.472785619203794694e-01
4.007699052363620784e-01
-4.868562217979523210e-02
8.195620660594871154e-02
6.578032042910999522e-01
2.325970039937334810e-01
-3.548088123278125283e-01
-2.944712924406959198e-01
-1.583552750161710820e+00
6.463215922528076085e-03
-9.858300381278620184e-02
-6.407027871267734209e-02
2.711678333449166201e-01
-1.557830504041960662e+00
3.221367194782692733e-02
-6.091083675121689023e-01
-6.036792236240213771e-01
-1.142123236654371543e-02
-2.160685977409173564e-01
1.960522186326800476e-01
-3.642302699611785211e-01
4.829968424224090340e-01
-5.109729176396883288e-01
-1.016103367823800036e-01
-3.140472422051132084e-01
-4.216422547637099782e-01
-3.891342854809003993e-01
4.671079728451634216e-01
-3.313419869727107780e-02
-4.287622351482802685e-01
1.245753654562347518e-01
-6.336465294847805352e-02
2.077337311954911836e-01
-9.468259172605142382e-01
-6.170420912816974024e-01
4.844716445467998622e-01
-7.886448357362872696e-02
1.002909777207076220e-01
-4.697738601999995045e-01
-8.195127398668341501e-01
4.841927155113320835e-01
7.894508524653419401e-02
6.266320713968400735e-01
