-7.645757819249002392e-03
9.617583686150370237e-02
-8.918055963190799074e-03
4.462432067466819141e-02
8.561116765280578356e-02
1.603254085027138679e-03
3.398833633992453997e-03
-8.674744755180152644e-02
-6.018977587101217996e-02
1.050146473071842668e-01
-3.250028730255422743e-02
-5.432541553792354788e-02
2.467085253403107636e-02
3.195094794008958988e-02
5.618362566622760873e-02
8.970551487410714786e-02
-7.472252872131449931e-03
1.495384853367122957e-01
-2.643455368172404479e-02
3.805963968362877786e-02
-1.857309078173827524e-02
1.362087555135943762e-01
7.210299555382622405e-02
-1.331501188621045939e-01
4.548094096934506697e-02
1.075503634066402731e-01
4.648632463641084317e-02
-2.440403228629885735e-01
7.442370536579583085e-02
8.008004787610950581e-02
-1.351262963226410874e-01
9.027276014669773085e-02
-7.471736772313945091e-03
-6.705067023165309226e-02
1.983556542220293040e-01
-3.355355882668140666e-01
-1.354799306072028246e-02
2.839766133194948083e-01
6.562836328115481122e-01
-1.459039682443679098e-01
7.231674444735424201e-01
7.182820543418531045e-01
4.146605230735331271e-01
-3.079774019581246192e-01
4.252370175002141428e-01
1.175414145392555509e+00
-1.851501932771801029e-01
7.800851160807986684e-01
-1.720933548172553368e-03
2.462250809776435345e-01
3.476128889541216793e-01
-9.012720911960202252e-02
-4.756044533312713263e-01
-1.456673911701122925e-01
1.146664332612838677e-01
6.571888110187851240e-01
-3.237066024534862030e-01
2.643122286954361355e-01
6.136331443380672601e-01
2.520575404884705661e-01
8.853927893470303623e-01
-4.522019476683201145e-01
-2.885253870514993269e-01
2.655862483128001994e+00
9.182040214306976811e-01
1.168287273135306226e+00
-5.898097425693330509e-01
1.020570409850579230e+00
-5.744465131000520142e-01
1.391668128188192410e+00
1.743138490858714418e+00
-7.008063499385517314e-01
-3.755557828377708435e-02
-2.461697441296110789e+00
-5.238574984211684660e-01
1.049834486252542609e+00
-2.496513717806193799e+00
-1.513219179363539446e+00
-1.061466999160379926e-01
-7.227564965814532449e-01
-1.229845362225911121e+00
-1.036731668036319887e+00
4.997626808859990111e-01
-7.728584250570156300e-01
-7.201965151729019521e-01
-3.462494177611566970e-01
-3.340980125365639597e-01
4.116374859668126551e-01
-4.654442673456796742e-01
7.166458065540107780e-01
-7.644732359776891251e-01
-4.699251410319365552e-01
4.223959845929656787e-01
-2.906071445367094608e+00
-2.490745008709846164e+00
3.318183011442844332e+00
-5.646269754571104499e-02
1.748380709769249419e+00
3.364926205848891350e+00
4.495409768881454826e-01
4.412956025264783477e+00
1.517676610793251113e+00
-1.538572784394443227e+00
2.591058392221264217e+00
-6.746458521831363297e-01
6.573372759886495498e-01
9.216167017178775733e-01
1.314693247608225590e+00
-8.463989143015870908e-01
-2.513484367671183287e-02
-1.173577802521849289e+00
-1.038904886303717801e+00
1.160572628424328512e+00
-1.852326960702431469e-01
4.266649869736748868e-01
9.239061136561170506e-02
1.794848069631830578e-01
1.536068731517771679e+00
9.517431543412452344e-01
3.654797394006038536e-01
1.435019851791802914e+00
1.301088262696677988e+00
7.119959586354154268e-01
3.248455366304905390e+00
2.585199363445717768e+00
7.783198407818416875e-01
-4.809935011111166503e+00
4.303152590736909922e+00
8.207728899861785887e-01
2.530172030688567775e-01
1.821397608888137620e+00
3.149194700325720131e+00
3.044002047666405364e-01
-3.710850823336836690e+00
1.065126639628380723e+00
-1.449615269895191849e+00
-2.753313852432140330e+00
-3.820540712699198038e-01
3.783636214933642355e-02
-4.701623512060201238e-01
-3.246690347320801417e-01
-5.763080241438593987e-01
-2.265103697730083132e-01
-5.422468520980845419e-01
-2.207210665185004583e-01
-1.085199218727188608e-01
-7.584090189263217319e-01
1.303482919937082540e+00
8.892519457134895333e-01
2.148715722015827279e+00
2.630643741596697671e-01
-2.689947661133106571e+00
-1.921473750594632435e+00
-1.524059418781344988e+00
7.759301576932241540e-01
1.624556813380542808e+00
2.587732351010206155e+00
1.310800655554252403e+00
-1.692378901842271466e+00
8.631977804090564810e-01
3.233740371679817704e-02
4.001135555264934140e+00
3.790413170970787338e+00
9.971741581034972990e-01
6.162652257248958376e-01
1.312522285454851723e+00
-6.683773698658258544e-01
1.608620096822687806e+00
-1.415077234399918726e+00
-1.884462928013696192e+00
3.954244362364134346e-01
-3.575341644940872587e-01
2.124215261382986913e-02
6.871629084207777627e-01
-5.967496197272458280e-01
-1.250289672813679642e+00
-9.137561809721781447e-01
7.894914860523318811e-01
-2.081555090849393608e+00
5.734421790415606957e-01
-1.467083293896849661e+00
-1.982531939470318472e+00
-8.025037954028530152e+00
-1.196746983860800473e+00
-6.250731591084116578e-01
2.007830505803176901e+00
1.961697118697813824e+00
7.925283528847741898e-01
-2.184625605507954482e+00
1.972121740822867730e+00
-2.167246415148019745e-01
1.608468778208256733e+00
8.488948077692379801e-01
5.340773298642513822e-01
-2.788555304594070527e+00
2.902651458706038579e+00
-4.833213466508019529e-01
-9.300035859963066143e-01
-5.044780975395519729e-01
-6.378775918513494014e-01
-1.356836725418218703e-02
3.842326835449324518e-01
1.299073770267850758e+00
8.523488236394319850e-01
-2.254735923941288966e+00
7.249437785566232861e-01
-2.250417322043432033e+00
5.397384128997574360e-01
-2.338043470207309404e+00
-2.255108702809176080e+00
9.040961756872365473e-01
7.317691755509602158e-01
4.171384515409826577e+00
1.252702371228866740e+00
5.147197432879341283e-01
-5.200027761037302465e-01
-5.957739463947008929e+00
9.480519086925323080e+00
6.799911536413882907e+00
4.355529658769691892e+00
8.450485814595707357e-01
6.786797326834926869e-01
8.758663635056833652e-01
-2.192084349297873214e+00
-9.365821461786942859e-01
1.038891822577347579e+00
-8.020912436720656347e-01
-1.371195438067216665e+00
2.885046706899846436e-01
8.135581187671383496e-01
-6.378047683991113770e-01
6.173799120467657886e-01
3.153123139615571779e-01
1.172801217198078394e+00
1.012501988345853032e+00
9.087690423577755583e-01
9.119083095773242720e-01
2.142020195497083446e+00
-2.000108322879794454e+00
3.115100340649133437e-01
-7.648769402205215506e-01
5.632865521007285103e+00
1.521400927657380608e-01
-1.137224785275259054e+00
-4.764713148141218602e-01
1.983676783121404719e-02
-5.239642827933660429e-01
-1.287948848752054509e+00
2.193385718212738367e-01
-2.865410833636649279e+00
-2.953542134098556371e+00
1.621031565879728742e+00
1.462338524861064082e+00
3.062905034816260752e+00
7.528169744162004351e-01
-2.160105288648208610e-01
-2.278229717948745403e-01
-1.470115977243052319e+00
5.784996760232076207e-01
-9.407400072793592471e-01
-1.442819002588774380e-01
-1.023284526145977757e+00
1.866447964634786461e+00
6.098710467360894949e-01
1.068965278291011733e+00
-1.652365973838464175e+00
-7.525334914350789717e-01
2.396790104122422882e+00
-7.136782434829201938e-01
3.664164112527289685e+00
2.730913501069651694e+00
2.656662240431082012e+00
-1.340353695959738412e-01
-6.622067903706493897e-02
-3.258872455104812604e-01
-2.244900174124355718e+00
-9.253915375795210840e-01
-2.831024702477707766e+00
-2.202294402416809849e+00
-5.105327231653815190e+00
-1.357479736423662597e+00
-1.885425425602270888e+00
-1.853278094849243107e+00
6.676150704552734350e-02
1.028717599638922092e-01
-8.757952430109902098e-01
-3.888847315744979882e-01
-9.557906031898694144e-02
-1.010103274504473014e-02
5.804586004676303146e-01
-3.357315628950766073e-01
2.890210403698554753e+00
1.064112354233395230e+00
4.031814623311341883e+00
6.749898803837034444e-01
2.514071108768515028e+00
-4.565371354948522531e-01
-1.655645794194308351e+00
3.607932412558060076e+00
3.303276545740807535e+00
1.406328460881560494e+00
-8.161640533172095369e-01
-6.799037460824848556e-02
-2.784136317903721292e+00
2.964270816856076518e+00
-1.394082058688342896e+00
-1.374626343333160028e+00
-1.123827936529891103e+00
-2.198108421270464685e+00
3.510072480456937760e-01
2.447831462728134733e-01
5.398878467041722251e-01
1.465286760754763717e+00
-5.646232635529540023e-01
3.255798777690878110e-01
6.441997506593209744e-02
-2.862506977615447701e-01
8.213472897174081133e-01
2.413840150383012029e-01
-7.893511566677177127e-01
8.443548975716788085e-01
-1.447319251151029551e+00
1.193601554944773158e+00
3.519651344319196795e+00
3.111917297038326868e+00
-3.081652341237282489e+00
7.242470985364176661e-01
-1.975264998112843395e+00
-2.996681331352783140e+00
-3.577938531171666714e+00
-4.836131335489609384e+00
-2.040082143885038057e+00
-7.382665166144608548e-01
-3.788601936745468635e+00
-2.124342411421315191e+00
-4.880169087986743204e-01
-3.412050816160254185e-01
7.623307744369922645e-01
1.047296666204303173e-01
1.046304543706865625e-01
-1.083537070310780503e-02
4.310550269048633865e-02
-6.108810497674945772e-01
2.551744327189235939e-01
-6.736062744272259817e-01
5.878655815264033357e-01
-4.893875269155069097e-01
-4.267893039893410068e-01
-6.676007555713597830e-02
-2.656934826982936815e-01
-1.659532990676108877e-01
-4.444141394508664411e-01
-2.775694950361146107e-01
1.031911747398795570e-01
-3.511966828204181046e-01
3.143182013909309180e+00
3.712066651540523177e-01
8.047151240462170341e-01
-4.505142960280033027e-01
2.370012854363643839e+00
-7.893101045916995906e-01
-3.867676634248043421e-01
-5.366989892505776849e-01
-1.129762572684789745e+00
-7.142198700114867904e-01
-9.424146792712598808e-01
-8.574566036298469918e-01
-5.138646873201723198e-01
-2.168019759588805384e-01
2.841822091992525501e-02
-3.278382884022886246e-01
4.140410993821574404e-01
-1.831796844851268924e-01
-6.145406467104701231e-02
7.702777420092767058e-02
3.772738893254717896e-02
3.677736006859299023e-01
-2.008618140876550218e-01
-8.721311523678977606e-02
-8.369984603713923055e-02
9.981355052592413846e-03
2.427677879407713069e-01
-7.180024702785683943e-02
-2.253756565806768752e-01
1.448038893406104755e-01
-3.692352927089914694e-01
-6.524054884109350416e-01
-3.121569104242490900e-01
-5.870707470347763524e-01
-1.277291162482194209e-01
-1.163961428759727190e-01
2.507609902315834360e-01
-2.865068929936744335e-01
-5.739683245180315918e-03
5.517422566351723456e-02
-6.784539929253347035e-02
-2.767963631000389113e-02
-9.027280242399592092e-02
-1.199048848743097806e-01
-7.157838622815979046e-03
