9.846616329916493271e-01
5.548855361476264791e-01
6.751911801523462486e-01
6.988340707732353385e-01
8.694549330470117965e-02
9.908288678530178251e-01
5.583435402620781085e-01
1.350054648764184462e+00
-3.680497012694203263e-01
7.581978435315510634e-01
-4.829259809422732364e-01
1.002895350598974833e+00
-7.357730607986834315e-01
-1.109815592147196384e+00
9.300325065330620200e-01
1.193656570588547350e+00
1.424079847169883450e+00
6.191027164821454321e-01
-9.276546392373360428e-01
1.425770608076259299e-02
-8.525568212598884088e-01
6.627779971195421269e-03
-8.664830948276248668e-01
-1.914836668726239699e-01
4.443277606958469517e-01
5.906555260797675677e-01
-5.329324670828108346e-01
1.685535438896828553e-01
-4.526050404491538393e-01
-8.724617903598723689e-01
-1.125202988769389068e+00
2.794758616198045331e-02
1.277436911885138082e-01
1.159043421499096560e+00
-5.775374292959221112e-01
-4.904120177112801238e-01
-2.774696709147877471e-01
-4.504134772800406084e-01
-8.124587132130490774e-01
-8.003513452811218676e-02
4.355688694415889572e-01
-2.526534946279150873e-01
1.533452698220612309e-01
2.585271823072992081e-01
5.093023579583775273e-01
-5.394449757372223875e-01
-1.817145858072513886e-01
1.624662627315522356e-01
1.502755096339581486e+00
4.152999109848020121e-01
1.062847291834103869e+00
-1.070591267300245342e+00
-7.990690135640459157e-01
3.314663273176700620e-01
5.133670347123832078e-01
-7.403715590625394027e-02
-6.514694078861821280e-01
-2.550166056871250864e-01
3.600839658537231536e-01
-4.100298218553575791e-01
1.045945709252853018e+00
2.727439729594645090e-01
1.073217645028879286e+00
2.367690871149324139e-01
6.153160103129220460e-01
-6.604537028126077347e-01
3.795520065773608787e-01
-9.189136249092137720e-02
-3.072083477786275441e-01
-4.088521990006305784e-01
9.652472367827112931e-01
3.098030797324749508e-01
-4.141644378370581414e-01
-5.598533354780910187e-01
7.220212827341310202e-01
2.921498371780822945e-01
2.880351058902894668e-01
8.318863616336319433e-01
4.036617839053477930e-01
1.068369148551256087e+00
7.449364222992995721e-01
6.997435146048657240e-01
4.768772504085594943e-01
9.211823729403444405e-01
1.573943729999631058e+00
7.906120600078984095e-01
2.060093330118336841e+00
1.178641305778238113e+00
-1.310678580235648538e-01
4.010407188912292198e-01
-4.123733028900465891e-01
8.302143260087133103e-02
1.948549153242562282e+00
-1.034964813072985157e+00
2.473467308722982969e-02
2.694564099787739586e-01
1.606525747140726268e-01
-5.495541346649366332e-01
9.523730707625698011e-02
4.145266870363910616e-01
6.359928899125097956e-01
-8.754513450219656434e-01
-1.243188761531472064e+00
-1.083332872854744444e+00
4.169061509564525037e-01
6.323395246424267091e-01
2.825994207341265274e-01
-2.390378686421097409e-01
1.384382567549144794e+00
-2.674166154114699934e-01
-1.310226588752670118e-01
-7.332232429269058827e-01
2.307287049686432834e+00
-1.987499843333993266e-01
-1.020795773721508981e+00
-9.449559786384371662e-01
8.601134181425960923e-02
1.858847249330028428e-01
6.408720121085657029e-01
-6.695441941278741371e-01
-5.121908345345739244e-01
-1.606642356403119865e-01
-2.186460345179994380e-01
2.412460743510540517e-01
8.213185702199248261e-01
2.985745207828658376e-01
1.832674359346418980e+00
1.136701043420035306e+00
-1.616737745537694115e-01
-6.220823121067106110e-01
-3.667104194197057243e-01
-9.520893333147532056e-01
-7.843003840456381770e-01
-5.525757014045890037e-01
9.408920205324728947e-01
9.795832848986983921e-01
-9.876164417013775232e-01
-9.901555443302666459e-01
-7.575625905025517026e-01
-9.867916943036141308e-01
9.432942825941099674e-01
-9.274110846507083172e-01
8.578580303388321227e-01
-8.270869505581468495e-01
-4.912066271427835695e-01
-1.457583466159728669e+00
-6.173209441752729454e-01
2.313991967099814084e-01
-9.507424428195133670e-01
9.518715917680634075e-02
1.224900803053867504e+00
-9.230946168007270192e-01
-1.338746654623796106e-01
9.569993211055571880e-01
-8.175125866738062186e-01
-3.623824000024587488e-01
-2.663150690924119546e-02
3.731437782091918121e-01
8.553165004575877806e-01
-2.430312294593711120e-01
6.753539672879920186e-01
9.463435624744096497e-01
7.243655968795000843e-01
-3.000323104144966141e-02
1.623698918692528248e-01
4.476651795711373422e-02
8.501764301471239627e-01
3.700911420077575009e-01
1.184274540010294280e-01
-1.204053620245922468e-01
-1.043292107840137373e+00
-2.068230758948660097e-01
4.811703119776125637e-01
-1.080436882111091457e+00
-6.462699083680966128e-01
-2.833222437831003915e-01
-4.422246203581413626e-01
-3.767964028190832204e-01
3.971421100406030136e-01
1.775534928609304508e+00
1.854971853851870023e-01
-1.001219237725236466e+00
4.346413200481767380e-01
1.573378330945287118e+00
9.690553153680329102e-01
2.419748705570013425e-01
-9.025970935120026795e-01
-1.895115072002295786e+00
-3.902417808473654381e-02
-1.416894334516777265e-01
-2.008338444698873460e+00
-5.852387960160508884e-01
-1.204289498107111056e+00
-1.278532185030592183e+00
-1.062396074413200608e+00
-1.155872938042243447e+00
-1.057048632810832167e+00
-6.713617820373191103e-01
2.383119040668714439e-02
4.663215174058712442e-01
-8.349332163377692906e-01
-1.256077564143085912e+00
-1.197609838417702077e+00
-2.736193677576725380e-01
-9.929716859760455427e-02
6.939043290496481609e-01
3.442946593079079798e-01
8.469751186854355129e-01
4.383792763794662206e-01
1.942616702966908138e+00
3.888409189228576590e-01
5.729516972585507739e-01
-3.482981285017616724e-01
1.069355480138407533e+00
-5.671221023621124679e-01
-6.423739259284406700e-01
-4.221771406742302335e-01
-1.149391621311753431e+00
-9.693470087914629607e-01
1.058604562561757945e+00
1.130013121743720150e+00
5.442950176442118426e-01
3.128141541520069735e-01
7.714582456287223389e-01
-9.021024976753854174e-01
1.036130480690212297e+00
-1.429796335033345356e+00
1.009279531772027561e+00
-7.698793257526932721e-02
9.285320269462361831e-02
-6.998272327775595381e-01
2.411770233295886662e-02
-5.007303640355929009e-01
-5.495686490168423255e-01
-2.120693691090667354e-01
-9.881522024821152994e-02
-1.087985699769838055e+00
-6.480000217113768279e-01
-1.107372088296238122e+00
2.804123736823652679e-01
5.849726607271140688e-01
-1.402541240900362363e+00
-3.344112417622696620e-02
-6.658036515571480463e-01
-2.549020273730304709e-01
6.423493018134106558e-01
-1.493709865271362514e+00
1.262136264203617797e+00
-8.831721538787429271e-01
5.937124328008087648e-01
-5.005641913957085132e-01
-4.288187218409907353e-01
-1.499150596750206121e-01
1.061978107243320008e-02
1.465893419789945362e-01
-3.218666548437683073e-01
4.235228573292024179e-01
1.037674947357183797e+00
4.695322894677231851e-01
5.053456074030844292e-01
-7.034810496886999553e-01
1.779284680363630855e-01
1.041910808329384430e+00
5.126601198848996788e-01
9.717095232473398347e-01
6.412058580757126203e-01
4.967354156991529712e-01
-1.424735659381047181e+00
1.773793325531513254e+00
-3.549977687130733695e-01
-7.785417830980922993e-02
-1.334737932697340201e-01
6.946754121357019418e-01
1.030830810234582451e+00
1.092086878501743463e+00
4.386976848425820363e-01
2.888640642510114098e-01
-4.669055174972127631e-01
7.442733179704748014e-01
6.683010775227231637e-01
-1.614105131682373573e+00
-3.712770158339779442e-02
-5.093515096113400142e-01
3.975721675398722899e-01
2.333242272438852127e-01
-1.439879400484613159e+00
-1.574487795340641760e+00
-7.227549557955624815e-01
-2.135365551726698286e+00
5.056458120960032332e-01
-1.103139320663424128e+00
-1.358916304226420069e+00
-7.564660996849754682e-01
2.149427375757297642e-01
2.060013584213958027e-01
9.006349320972092953e-02
-1.552366786961197065e-02
3.803866466858255024e-01
-5.128940877502722318e-01
1.028712986950869324e+00
-5.779194813806606823e-02
-4.631660470618684244e-01
-8.894971300797346880e-02
1.116111697309395551e-01
-8.406637117367192769e-01
-8.041642293717208290e-01
6.522638530950461977e-01
-2.593924655761633558e-01
-2.342665002079673958e-02
-6.159352787056451284e-01
-2.693268948836735621e-01
-1.559886073657524408e+00
-2.043998462476076750e+00
1.854396538669006445e-04
3.005914527901259459e-01
-9.734067176439716862e-01
2.696077379246621941e-01
-6.857758898031959816e-02
-5.533328373433319403e-01
-1.644623525279883536e-01
-1.197115675836621485e+00
-3.845900029858951852e-01
-2.185312546478532791e+00
-9.800784990271916852e-01
-1.702991175329005846e-01
-2.078364670964408245e-01
5.484781366103375078e-01
-9.583814347847042781e-01
-5.979448152607178546e-01
1.695015156980613780e-01
9.439597364190207562e-01
4.952274995984659034e-01
1.235709655114875405e+00
-1.425503702813611051e+00
-7.222837604559800839e-01
-1.167576045050470329e-01
-3.472432387326921943e-01
-4.094027775223153531e-01
-6.746450770395151508e-01
-1.926733450730456487e-01
-1.484800121250235305e+00
-1.262303806171547249e+00
-1.646816095170720862e-01
-7.984941763549899818e-01
-8.515811973281752767e-01
3.003225128382202569e-01
-2.937471816372594913e-01
-8.294632402687779349e-01
-8.100043220708730285e-02
2.919073444479763357e-01
-1.090703127212301560e+00
-9.772052681170529942e-01
-7.929612096538655175e-01
7.423382258138662426e-02
2.690335230504450892e-01
-1.804929908885786416e+00
6.760018647449222984e-01
-1.291014635639758046e+00
-1.588993112432634858e+00
5.079240493791828959e-01
-8.872531460340626897e-01
-7.480182796595382655e-01
-2.400077600286064372e-01
8.602635944657960332e-02
-4.921368278090060278e-02
2.165015127461936140e-03
-8.281782997547615377e-01
7.402437858237184143e-01
-7.813395473722524187e-01
2.796380135635864739e-01
2.713899438888494053e-01
3.299131806201814343e-01
-2.751323658241322523e-01
-9.461191382903119673e-02
-7.423860840037166398e-01
4.762889318468861710e-02
-3.804026069303447222e-01
-3.623422044720693569e-02
-4.911835129526969101e-01
-1.287726957109732950e+00
2.072846674514017273e-01
-7.032829040058957704e-01
7.954154394363734115e-02
-4.574880863932821451e-01
2.093612192833639585e-02
-1.311705896866934840e+00
6.180345312317964135e-01
-9.635009419559775745e-02
-8.475604403685930155e-01
-9.000582237416593356e-02
-7.368064703951182626e-01
-5.474387531967991327e-01
-7.589792530863972431e-01
-3.641355968103492380e-01
-1.588723232593021450e-01
-4.026345919584499444e-02
1.267645953978782658e-01
2.941675685816987906e-01
-4.896049931796871979e-01
-5.705383650442524823e-01
