4.868584149273584294e-01
4.172980981775303855e-01
-3.227828810079271249e-01
-2.436558780622468945e-01
7.674032317449926491e-03
1.444256388240087730e-01
-1.280643469190652084e-01
-2.085316075345927667e-01
4.219237131237058569e-01
-4.310011243424097249e-01
2.212427086949490460e-02
7.491159313472204317e-01
2.425697397753388551e-01
3.182838355848702228e-01
1.084781517671573381e+00
5.211535091131941355e-01
1.299548952760759823e-01
7.860522058185007710e-01
-8.922731863759232607e-02
5.969582624001815857e-02
1.511739990343299866e-01
5.063614370646156715e-01
7.013210641423191227e-02
5.511509564449103005e-01
5.888865299494012717e-01
-8.219899826315683888e-02
3.992498133988429121e-01
1.831775062439375823e-01
-2.921141598158404906e-01
3.353110509981530041e-01
-2.009420270637275185e-01
1.994624822332445313e-01
5.393924516840274963e-01
4.653000902385233672e-01
-5.240668541579081990e-02
4.634690961181497232e-02
-9.118462999597228835e-01
-1.817059177746239984e-01
8.011426061291976319e-02
-4.159871730703408876e-01
1.064967093896448808e-01
1.600610738660421598e-02
-2.224568512636325157e-01
1.479125579963017634e-01
7.748664566103612428e-01
6.476666216469846304e-01
8.585253796670013759e-01
5.726636661359434388e-01
8.354457975119981006e-01
2.720007420633932527e-01
2.101177608568110533e-01
3.867852167468814883e-01
2.422930583983378128e-01
2.785957533558676702e-01
1.085135778801675221e-01
2.179235680829338662e-01
5.238561205967730977e-02
4.947008269519989065e-01
3.955146322430556916e-02
3.287427307699136714e-02
2.240074557105585229e-01
4.247252037366700539e-01
7.991112034893731453e-01
2.360957970013832785e-01
3.294971645828343454e-01
1.224184243513648296e+00
3.947237955011781985e-01
6.453713806289318455e-01
7.062635011875610935e-01
1.486029334889964471e-01
-1.251956794996928746e-01
8.001474598184638715e-03
1.181408596078739048e+00
2.497525478897984208e-01
1.857964572634079325e-01
2.672419334922584433e-01
3.395510661386011431e-01
-7.501574189930880487e-02
9.764429184454899435e-02
1.676432451305819582e-01
4.559544909680970926e-01
6.042105787012553436e-02
3.240242932012996624e-01
1.903391878063784015e-01
4.008245943201357853e-01
1.820988187069532693e-01
1.083572317127042606e+00
1.254823829345032282e-01
2.625935868841864362e-01
-7.341676975776770253e-02
-4.147554170747186908e-01
9.488175942731726098e-02
-1.712257021457028183e-01
3.603021449725919423e-01
5.781095257725594322e-02
2.094832166949943050e-02
1.121692409365607074e-01
2.634487365509226020e-01
2.215412635152465282e-01
-8.824309111324152299e-02
3.141049824455450362e-02
4.446757489565177357e-01
-1.773159862101473527e-01
6.288454542193507718e-03
4.794464638812798718e-01
-2.859401464958520878e-01
-2.795054015173508224e-02
3.960142040092805016e-01
-1.859052606700134502e-01
4.185096886340938238e-01
2.552620246381014923e-01
1.074987539514461327e-01
-2.454744011370349199e-01
2.079965976387304072e-01
2.756009045339156277e-02
2.195670617776129263e-01
-1.168835561462535366e-01
2.538942854915515746e-02
1.263508491878965467e-01
4.131125158897777094e-01
3.789873596800070743e-01
4.005261686337923122e-01
5.376919467830728605e-01
6.853764030324925594e-02
4.292784343750896681e-02
-7.614088706726181155e-02
-2.615353168131649420e-01
2.304451473614526069e-01
-1.495652686325354419e-01
9.637378690837426765e-02
2.939735955689165570e-01
2.784012798297177405e-01
1.342309486370547034e-01
8.085317658316007461e-02
-3.154744496945650900e-02
-4.306305867273060861e-01
4.683602974803235397e-01
2.255278784669230152e-01
5.506486328223526572e-01
-1.528092372610851957e-01
2.592322178412683198e-01
-2.297884916908584652e-01
9.962489082525859407e-01
7.989088426885952721e-02
3.427944175776916347e-01
3.365738573840073022e-01
-1.217302387415534620e-01
-1.668084524453000358e-02
7.571783947665083891e-03
9.063692892378148735e-02
1.724278269461766433e-01
3.032616917483495489e-01
1.596642406445940021e-01
5.589415595146042248e-01
4.123123763994686608e-01
1.113213447433624992e-01
5.040451984369195282e-01
1.191882357631617040e-01
4.699039870345459446e-01
5.399738808628107289e-01
-8.931701956651442176e-01
-3.078142357663309348e-01
-5.975628267283328299e-01
4.598646331874928217e-02
1.869033750807967131e-01
4.668366058397993568e-01
2.906665676469027959e-01
-3.001206649001167959e-01
-1.050665369617311690e-01
9.424455906718691434e-02
8.258456375351275192e-05
-4.940233787375028496e-03
6.555781024552426173e-02
1.744514904468376093e-01
-1.257704601248608445e-01
1.564950541084551144e-02
-1.010002745945471486e-02
-3.564967824252768952e-02
2.757077177410662827e-01
2.173987639085594170e-01
7.150300572315339276e-02
2.713039774758247424e-01
3.533438525909604055e-01
7.558184516927736185e-01
-1.354025458086011852e-02
2.620357822045700780e-01
1.924811746653121713e-01
1.532134094360884657e-01
2.310789631942240518e-01
-1.106720984287747067e-01
-1.831544612421447948e-01
2.827435364191697303e-02
1.141581667151369828e-01
1.215719351794000702e-03
-7.021955061392669284e-02
1.385173711345452918e-01
5.558586278493326399e-02
-1.406140390970570253e-01
6.814752520221870058e-02
-1.637677321683845277e-01
2.431128173114053825e-01
2.905800163785802748e-01
-2.697645873968746583e-02
-3.012618091851942959e-01
-3.363443638892699844e-02
2.149046400657739775e-01
-2.480948396439523751e-01
-3.464650169893515597e-01
4.282395307745722746e-01
-3.577033195003870986e-02
5.108160129878736716e-02
-1.296947720371821045e-01
1.923638258353316255e-01
-3.338308225136902285e-01
3.812276925534326399e-01
3.052136738788610582e-01
3.316122957216193212e-01
8.303631130260336057e-02
2.572515863700445271e-01
3.351430074965403016e-01
1.894583677658837062e-01
-3.826089441058035390e-01
2.245597433269417298e-01
1.047629842751635482e-01
-6.383536390358776069e-01
1.329197925756730736e-01
1.330349127453634150e-01
-5.524480667048504989e-02
-1.867625712320729880e-01
3.588536648146175567e-01
-5.365337766182658452e-01
3.201263184421940799e-01
-1.397309096940087259e-01
-5.226377822108120297e-01
-4.106903047434388720e-01
1.696395722321480254e-02
-4.897826188490685823e-02
-3.472852100246939799e-01
-1.123967975104594313e-01
-1.361798668243156263e-01
-3.972016174816784817e-01
4.304037364782171693e-01
-1.774748523268067368e-01
4.938308571247017331e-02
-4.781032716342364930e-02
-1.576248979206053835e-01
1.840667675607425002e-01
1.753301926154821888e-01
2.881690136377016431e-01
3.792725054417188102e-01
5.811311617539162144e-01
1.636394036952110997e-01
4.071349999846185508e-01
-2.327324117104567769e-02
-2.512792404904800603e-01
-1.164523673549298644e-01
-1.567019136162768056e-01
3.565165589267853541e-01
-1.104206186149136043e-01
-2.221215762558161055e-02
-4.799657521171183383e-01
-4.426005449447399653e-02
3.526382441127384748e-01
-4.031296412388817862e-01
-2.699556477787998787e-01
4.602338301586648972e-02
-2.841114652557801684e-02
-1.753744723665719152e-01
3.740020856337830657e-02
-4.004045212466960102e-01
2.525272496136082151e-02
-2.772414177073558306e-01
3.735758153379205582e-01
-7.250830878400248147e-02
-1.705845082533965218e-01
-1.372792389760062182e-01
-7.866019037159038829e-02
1.725785062986354701e-01
2.236627656367930206e-02
2.979312080262849771e-01
3.268259581393770929e-01
1.641665959711564315e-01
-5.301194742208777955e-01
-3.667926496659724145e-01
-1.325801014177667436e-01
6.042202507587895316e-02
-1.383305812577935168e-01
-6.277642434161703200e-01
1.139134281247407288e-01
3.521857400877112521e-01
-4.296275128059645065e-01
3.892580935716330459e-01
-3.075802156689766420e-01
-8.045391476077177195e-01
2.330967871955365311e-02
1.003551164128948375e-01
-1.907659556549777535e-01
-5.039440886034146638e-01
-1.414655822604051760e-01
1.087358451650399516e-01
1.331447588546769978e-01
-3.974661684014776375e-01
1.738813292370341990e-01
-3.302433340394332895e-01
5.552752234904388684e-03
-2.099592515255807590e-02
-6.301028416599375737e-01
-3.007639439497195033e-02
-1.792684634619964523e+00
3.233031107139272553e-01
-3.990053848506540102e-01
-3.814355892052577746e-01
-1.974928814809208955e-01
-5.591995358043486131e-02
-5.625604476114549612e-01
-9.728925603443364656e-01
-9.455111582915010082e-02
-1.579812963861410846e-01
-4.566284988924939059e-01
1.348719575449547348e-01
-8.538378868240374675e-02
-2.277834593319115475e-02
-6.331754656609817067e-02
-3.013586712861081596e-01
-6.570766742811182670e-01
-4.840876559552252933e-01
-4.653309626026502777e-01
-6.718892424954423515e-01
-3.302363399272211786e-01
-2.344045874199882085e-02
-1.593708877536785529e-01
-2.076299006590915652e-01
-1.361256341092303757e+00
5.118574370212553015e-01
-4.951413623964940891e-01
-2.328212336940790883e-01
-2.052682681378224794e-01
-1.276126861190097495e-01
-4.277742615063639953e-01
4.991861198037558789e-01
2.585990411651389875e-02
-6.396255365379108770e-01
4.209217594267067319e-01
4.679618473722377270e-01
-7.636099286700490651e-01
3.760127392012525549e-01
-5.211336165367436157e-01
-6.699382039715603421e-01
-1.773213222997904182e-01
-3.157017627235335078e-01
-2.125690657470841183e-01
-1.285886430065809327e-01
-2.065358892077828190e-01
1.222327677672697954e-01
-5.428103776379012979e-01
-3.962342500453061578e-01
-4.082450570539949974e-01
-5.782516624118234638e-01
-6.025285695073281933e-02
-1.454793108184720962e-01
-6.484141327506732777e-01
1.899359605380714078e-02
4.001929123458297100e-01
4.679436983452515963e-02
-6.463744706727662936e-02
-1.618490616654179315e-01
2.900013484133639463e-01
4.170819832270168948e-01
-5.589896840479339213e-01
-5.682703208634027892e-01
4.396425499866071229e-01
-1.368071465179983293e-01
-5.960672646327259683e-01
2.429019940273363654e-01
6.269099722460910740e-02
-3.236791120101064068e-01
-2.195505576963081851e-01
9.311323970109114390e-02
-2.089683557541122949e-01
-5.631529299181606274e-02
-6.850114029378906455e-01
2.532882257899951584e-01
-1.432974031937784165e+00
-5.322278128561727106e-01
-3.897185015251485307e-01
-8.170707843603228770e-01
5.389137202969213059e-01
6.651375235736459723e-01
-6.523839124739344575e-01
1.792188436969613385e-01
3.289407815446412919e-02
-2.378030327710757563e-01
-5.688965291641111532e-01
-5.610581487033514114e-02
-3.466783604420646814e-01
-2.640597816640308793e-01
-2.605062478918881985e-01
3.980202789447342959e-02
-6.932165336069781025e-01
-9.683991168804497729e-01
