2.541456702572916893e+00 3.017706043391408244e+00 3.782482860737423902e+00 7.553797800227379788e+00 3.988750711166869412e+00 4.871377878054475197e+00 5.552796430890761137e+00 4.979072031224037076e+00 1.244821275004980299e+00 3.510139797586439236e+00
1.876283678990282588e+00 3.900391890574450571e-01 1.394724480253220822e+00 4.045809659433340144e+00 3.458115215885506188e+00 4.201855466481549506e+00 3.964937213069518851e+00 7.780009868712526311e-01 1.877654575587595742e+00 8.141114288159011503e-01
7.771765276781089637e-01 7.177631316137191853e-01 5.686487235919751804e+00 2.281238603551748234e+00 4.446694643221330345e+00 8.411517473149444868e+00 4.086559156961174999e+00 5.422357436773372008e+00 1.933378885866296359e+00 1.871859236917593483e+00
1.774056586116199874e+00 2.126720335120539040e+00 1.720362937364504186e+00 3.261302859785884856e+00 4.219604268085430654e+00 5.521533572798620781e+00 4.879489122702995729e+00 1.842422619265366990e+00 3.293005629636870157e+00 2.079031795824238138e+00
1.104018026508621242e+00 3.196762890495340681e+00 3.259828435860874674e+00 4.417279227827495269e+00 9.405589076523998671e+00 1.088810336161138181e+01 4.348494333928933919e+00 7.779738634775502426e+00 2.976653964289375676e+00 2.413291577630819695e+00
9.836188256620651549e-01 3.906294295905101688e+00 3.972538208832043782e+00 4.771622071537509946e+00 1.684845970153772576e+00 5.106496706881414660e+00 5.408710787394260144e+00 2.492569918274200269e+00 1.879891860760500855e+00 1.743488208460889588e+00
2.695879833143334903e+00 6.481237788641646347e+00 9.372050898043264411e+00 1.753870682364919498e+00 6.152043763171470836e+00 1.070033319641435909e+01 6.693813157467224606e+00 1.526100529627198554e+00 4.420328487958181007e+00 2.509570560687790941e+00
3.290540231461188014e+00 4.841587259267681631e+00 3.034783181190092716e+00 3.505135669762112993e+00 3.829342113072095710e+00 2.944145322034652512e+00 1.424724948929963597e+00 7.439115058242549594e+00 7.129564525067868530e-01 6.472205229409190297e-01
3.121128604889495062e+00 1.096649638982025499e+00 1.245204401334509603e+00 2.335780412354160784e+00 6.658859882372814454e+00 5.200332559223752149e+00 2.143074062940479418e+00 5.142504879710761756e+00 1.365528793697960541e+00 5.769038144785805233e-01
5.333311239394687320e+00 5.800195661864893104e+00 7.274625461089920364e+00 4.705045927962972385e+00 5.910345873109503323e+00 5.221171445319010118e+00 4.769384308154671182e+00 7.116398373646828368e+00 5.237485244115906546e+00 5.164112917427670091e+00
2.672475692071976994e+00 5.734121679154465800e-01 2.974146653128253437e+00 1.476799741929554433e+00 4.214736402370398594e+00 7.286523069593167534e+00 4.773556571445321417e+00 4.624331025550752372e+00 7.650499173155532739e-01 1.620913386872957052e+00
6.325056045110066805e-01 2.862894698783897240e+00 2.278851268480754477e+00 1.511572853224812052e+00 2.629080300491864808e+00 1.769053193161359783e+00 2.352827399404358033e+00 2.867328805893051946e+00 2.566955381267198799e+00 2.391861102387900839e+00
3.898799784141795843e+00 7.962361585144807075e-01 5.057436533317559046e+00 3.995173124514955987e+00 6.389406905983702423e+00 5.566198906827882098e+00 3.784195982434090944e+00 5.949005134458393407e+00 4.333887364678091103e+00 3.480502738912456984e+00
8.605464551904027370e-01 7.709625585943012949e-01 3.629176581615549679e+00 2.145466030714982875e+00 4.796100942439972314e+00 6.330585624044926973e+00 2.532915111039948819e+00 1.231889438327065323e+00 9.195333152808138344e-01 6.881682861316241739e-01
2.231686872124683862e+00 3.712283102556746428e+00 3.125567570189892397e+00 4.250499110248807888e+00 5.286496321662925268e+00 3.640173675719922119e+00 3.075105461720420763e+00 4.012666286360428103e+00 1.466712476254267150e+00 2.024024847599120047e+00
1.643703219089431178e+00 2.409675005153163685e+00 2.325555982587212522e+00 5.566354698548250823e+00 1.858922466044734101e+00 6.105091181389536104e+00 4.409744332687637325e+00 2.785705642435595930e+00 3.703529192308073092e+00 1.686807211903073034e+00
6.403281753781902008e-01 2.075079562862262250e+00 2.525523663861494850e+00 1.607183924108139372e+00 2.482083981082092716e+00 5.548982023218747450e+00 3.473728418123315453e+00 3.495348618243321326e+00 1.742480929593987371e+00 1.342979383879958633e+00
3.575904725345187440e+00 6.321862949263540088e+00 1.396158696173797864e+01 7.383777715684243681e+00 2.657163872957954087e+00 7.720048805404916337e+00 4.537015049975228642e+00 3.961944384661156171e+00 4.016052364547288533e+00 3.661776463795214376e+00
2.168208918005892105e+00 4.591835139118889408e+00 4.230682520397584412e+00 4.106914464580481372e+00 2.061017304832440278e+00 3.864446326159928446e+00 4.121575572313406433e+00 2.916615914868351034e+00 2.134797393033631696e+00 2.735047624327421989e+00
1.188288307074831796e+00 5.085269619372959404e+00 4.789979620938130900e+00 4.719172009020752512e+00 9.683035879084965103e+00 7.533289336020019711e+00 4.670499073160612191e+00 4.951537659037684946e+00 4.350606819140766746e+00 4.424513748181018613e+00
2.872546153530571633e+00 3.778914634156272712e+00 7.381010758925484083e+00 6.524534005297286221e+00 7.228003462516845445e+00 6.390812285228494538e+00 4.743395554511326218e+00 9.534541373615219584e+00 5.025753675580485691e+00 4.607500864112560102e+00
3.527661715153019628e+00 5.721484361727374512e+00 4.131942169826723799e+00 2.830308461954197607e+00 2.208023345935890003e+00 2.820681491979104560e+00 2.837706699075672301e+00 3.804482418512735720e+00 2.790897456533075527e+00 2.801222504773932087e+00
3.482283234200531208e+00 1.311955039583823757e+00 4.457017267103859481e+00 4.249747151445215643e+00 5.919596971131452001e+00 4.642939788714663507e+00 2.485033014212981062e+00 5.393299857873300240e+00 4.106573363545926725e+00 2.202049157006766400e+00
7.952891839643823069e-01 5.416654252379788481e+00 5.042228394447999307e+00 3.932831404898019745e+00 3.104199546156645173e+00 2.706558857484270941e+00 3.319178791002126871e+00 4.285440079223543641e+00 1.266687604222543895e+00 1.729475852019180415e+00
2.200967826176064346e+00 5.101880941927284141e+00 1.624128339026278400e+00 2.522687725467092967e+00 3.232158747315852398e+00 2.697207127231105783e+00 1.901504070075257680e+00 1.677541424315655005e+00 4.787044274174230729e+00 2.590772046912003912e+00
2.203050523366581359e+00 1.105881771225614374e+00 4.106534214686405448e+00 5.741974633098998915e+00 5.498488021618523902e+00 2.853655856150788761e+00 7.112017996609464099e+00 6.667770846897823844e+00 2.269562915704922190e+00 1.615269996574103528e+00
1.024273581431961899e+00 2.979973476655110698e+00 3.004523224008400772e-01 1.593132268085942771e+00 1.249353178102511341e+00 3.026649132823536981e+00 1.832628086576472581e+00 9.429940674827718139e-01 2.987948794385517193e+00 1.346887728552984775e+00
3.200238122847672617e+00 1.331743548960296675e+00 4.263493671330345514e+00 3.693932058966888476e+00 2.142420219321931274e+00 4.264568589944953025e+00 2.452419310916508444e+00 4.986907573605131816e+00 4.553470045895081642e-01 9.398578971027795603e-01
1.511254796555857149e+00 1.908194838880906685e+00 3.222156354637031761e+00 3.654029731042094387e+00 4.970371065318377468e+00 3.195837910785702451e+00 2.230872282647600180e+00 9.471760106889311359e+00 1.806078792707920710e+00 1.289334875146379289e-01
1.877145574391327676e+00 6.614995078047634536e+00 7.687238038901092807e+00 4.012994057810550963e+00 1.881179094186707701e+00 3.825045930711250541e+00 7.606208427458423849e+00 9.437728889987409886e+00 5.696722796397102329e+00 2.394776233319140246e+00
2.232896460884529866e+00 8.726179357173544204e+00 2.973277823920415397e+00 5.574956418886300114e+00 3.831171275661012121e+00 2.231783407595899327e+00 5.110550902830223841e+00 2.788483715124274287e+00 3.203353933356823724e+00 2.886177258605855833e+00
3.254072031520649499e+00 4.120401818945996553e+00 4.338447056309210126e+00 1.054292921793147375e+00 5.413754439471440527e+00 2.840141009834378671e+00 1.939086719646821777e+00 3.682671074451610238e+00 2.458803623993269571e+00 2.328667879021853349e+00
4.875621812639859165e+00 5.134181170525733862e+00 1.058581562765018624e+01 3.782490598396803350e+00 6.489248282728973471e+00 8.406153499991589229e+00 3.238771192036934199e+00 4.211612689919051356e+00 4.296659873659210760e+00 3.788464239850047655e+00
4.541958238413040583e+00 4.452953040672975149e+00 7.792490235746639904e+00 4.252233468569739827e+00 8.381664768760327178e+00 5.926196845590300022e+00 4.131809190459766690e+00 2.076728906988085654e+00 4.061704373135299306e+00 2.917236687040988929e+00
2.795488812030489267e+00 4.675416798478650549e+00 1.268446766684162119e+00 5.924003641466989656e+00 2.550234616130537368e+00 1.969196516868075397e+00 1.726280255513657602e+00 1.111354021515426638e+01 1.828166182666191908e+00 2.439399771402743777e+00
2.461110047777925303e+00 5.388446727453448659e+00 2.244472509716848307e+00 3.056462540011482876e+00 1.337761061965995646e+00 3.862850576840442418e+00 3.877209387825419018e+00 1.623204149976941624e+00 5.125418315942070535e+00 2.267281310201976652e+00
3.395417410644347100e+00 4.379566078544677055e+00 6.549198320094707704e+00 6.629125468110422581e+00 6.293521042061744453e+00 7.825077925946730240e+00 7.779571836356607761e+00 2.064932061151273146e+00 4.043103797599576943e+00 1.951420295898552704e+00
3.513392074264261922e+00 3.426400411237069399e+00 6.481642039631089203e-01 7.366492139902088176e+00 6.222670063817948183e+00 5.664454056006535509e+00 3.944627374788575391e+00 5.391805836991840017e+00 2.964377293233311672e+00 2.349657194568970819e+00
1.646763228413543168e+00 2.348482722951697355e+00 4.295788884920027861e+00 4.570317540438906256e+00 7.591930980252054262e+00 3.642320949204895797e+00 4.683883663286400711e+00 9.898849091833776814e-01 5.449304681503583936e+00 2.122124326445670839e+00
3.762965546571975572e+00 1.597355509784833316e+00 1.695744674128766061e+00 2.720347162697903443e+00 8.401927248980269880e+00 5.476881578192049460e+00 4.130530135357008525e+00 6.849625955940269684e+00 3.850085081712147694e+00 1.530823360001248856e+00
2.319380716039077139e+00 3.026204580341159023e+00 5.382297072344118583e+00 4.631596018088194100e+00 4.842439843565959912e+00 8.403127798992596098e+00 4.617677389364406082e+00 6.154200910942603464e+00 3.387914731396604484e+00 4.290010606044042940e-01
5.290380398591146616e+00 3.641055313556824213e+00 7.457141053969112754e+00 6.106913416301219755e+00 1.737878959604709950e+00 9.108397570515707642e+00 7.896352455384739955e+00 2.887228955617595627e+00 1.702226704000872282e+00 4.302882463559682513e+00
2.602232435340569694e+00 1.299672701718544765e+00 1.000389960225422925e+00 3.275270494609178407e+00 6.926700647436153879e+00 6.638987922468372993e+00 2.697374846950749916e+00 1.339783612111410616e+00 2.334650792065701808e+00 2.675874200072558384e+00
1.659844020426838540e+00 4.358631095094014363e+00 1.899774659172352997e+00 4.500603814402871272e+00 3.888340047188790116e+00 7.125649344265611029e-01 3.179461903737122341e+00 2.885118968006080031e+00 2.646698596285844918e+00 1.831356176919423095e+00
2.953512961917537982e+00 5.803017171303731736e+00 2.036846657779485703e+00 3.482143684102476211e+00 2.026740388699291184e+00 2.886955352626123350e+00 3.708333909299232900e+00 1.513133039092563470e+00 5.202777464815227404e+00 2.714008969561609419e+00
4.419048829171670079e+00 4.146857506937460691e+00 6.512759358835081613e+00 2.366917517761653933e+00 5.665148168419200658e+00 5.979881252093015576e+00 6.305777390095374635e+00 1.318671187269959688e+00 3.429094248005026380e+00 3.385758512920040264e+00
2.262721943308171557e+00 1.222647766268552205e+00 5.371986860679217379e+00 3.452653005541722386e+00 4.405569498410712548e+00 7.967633261612752982e+00 5.704987408747411060e+00 1.898056560912173785e+00 2.273728350714379509e+00 4.681491495103357048e-01
9.075223228671556175e-01 6.217896322178954271e+00 8.417675364897189150e-01 5.430692594722720479e+00 1.932231498210975618e+00 2.908765813181002802e+00 7.554164670074396959e+00 6.276345845184309269e+00 3.973301230696114850e+00 3.753482832304277483e+00
2.151823221024675714e+00 2.856787793031490885e+00 1.900379330740054051e+00 4.831096238586277458e+00 3.634404671260248687e+00 1.820804224080503575e+00 3.513029543152835998e+00 4.138390419955651822e+00 3.307958310738660757e+00 1.939400124224671451e+00
2.065489294085447014e+00 4.652211780849965450e+00 3.593458703996763037e-01 2.008831695519283311e+00 2.559263734940428137e+00 2.079113670756508991e+00 4.050719148163350880e+00 2.522556521255235662e+00 5.035830630948471054e+00 1.057939047437297386e+00
1.277411694602482717e+00 3.290229199486820910e+00 1.525697330574695476e+00 3.874137535926160947e+00 2.760809530013782709e+00 6.176748787250383010e+00 5.567839219367047399e+00 2.577891672092051500e+00 2.857296416167009134e+00 1.157493380125084625e+00
2.846586397928407841e+00 3.980376812165677070e+00 3.452806025780620569e+00 6.726658513780039428e+00 4.070612767279896183e+00 1.021186480894206738e+01 6.188325913154454128e+00 2.289629931879562985e+00 1.183464376934878715e+00 2.109416649227643159e+00
1.908575709253516939e+00 1.857468728212182674e+00 1.569754089363467164e+00 4.160345890890780218e+00 1.974898967483143641e+00 4.226834162817584506e+00 3.116021085670045654e+00 2.901375007032493514e+00 2.062564787236394803e+00 1.395706587044897695e+00
3.156942135145027972e+00 5.726458988484024459e-01 5.129134100837229759e+00 4.570190602173605399e+00 7.718608984365868508e+00 3.214887986207875858e+00 8.778248109323973480e+00 3.242671493141477512e+00 4.519214657960550774e+00 3.361773134110162431e+00
3.803947990447451133e+00 4.328961697316797697e+00 4.203550910136246266e+00 4.579504745985915726e+00 1.135137337075879316e+01 6.908020516956717927e+00 5.262971996849429068e+00 5.418445648544750526e+00 3.946838966624809153e+00 2.171485449837887938e+00
1.983418328103368378e+00 5.532463405296004666e+00 2.350788249970393817e+00 5.180246664743709317e+00 8.063438496414439882e+00 4.918730384127029787e+00 5.172234663786675846e+00 3.023843511770713643e+00 3.400473960644464277e+00 2.447200939813706455e+00
4.184104426044811809e-01 3.654057349897633422e+00 2.263496104323726055e+00 6.282042590975974505e+00 1.657905418130742659e+00 4.885821403696446019e+00 2.709113268081108306e+00 2.826936646260004959e+00 1.957547455628052324e+00 1.364561702976778035e+00
2.228617069163259856e+00 1.210198564665881715e+00 5.666235546535119738e+00 6.458754769518933792e+00 8.551912783288461384e+00 8.956564123444531456e-01 1.343662248406688908e+00 7.588346790086013094e+00 3.596179042918825619e+00 2.547369290111420437e+00
1.197722048144274076e+00 3.948402977762177191e+00 4.467271400467475395e+00 3.452818352681151115e+00 5.419084101412636301e+00 5.522983609060352350e+00 5.988482247826902416e+00 1.821412093826549894e+00 2.852645462309969737e+00 1.628614519720505527e+00
9.681239967466601648e-01 1.758085948440858637e+00 4.494529200893288667e+00 1.962559624101240408e+00 6.384250323525096249e+00 1.117752577463581964e+01 4.238671221446177917e+00 6.966390838021204068e+00 2.716607069521335127e+00 2.405458658448153209e+00
2.247370925490104643e+00 5.553098717536308904e-01 6.273319459841590451e+00 1.733942002908064994e+00 6.300854502586841654e+00 7.835032831813724563e+00 6.230186816597608868e+00 6.898137591844433203e-01 1.775382623586438058e+00 2.599910852120564275e+00
3.417288417519156241e+00 2.543763206108443864e+00 3.037021617792674100e+00 4.065528270489374485e+00 5.420087531642908907e+00 6.801806074950441428e+00 2.569789033854321669e+00 6.669655111836638284e+00 8.933914737432147035e-01 2.354381698920006372e+00
3.621621082704330252e+00 2.588401479345666889e+00 2.146315343141306897e+00 6.160454354901237828e+00 4.470745887099460525e+00 9.356732989450028626e+00 7.465841056027791467e+00 3.877867011633196359e+00 3.013857588015129263e+00 3.216076222328825729e+00
2.900681068018932773e+00 3.637942772497545274e+00 5.612890111953561245e+00 2.169392297321437013e+00 7.168154572912964539e+00 4.719228201144265000e+00 2.287603419672410876e+00 5.741317818335022416e+00 2.532189245724357995e+00 3.083440192255005208e+00
4.596399496209468083e+00 5.473497373246640763e+00 6.848044984598561591e+00 2.985225629141730952e+00 6.741367495937240939e+00 2.280416182235745826e+00 3.669863063913276324e+00 5.714117388834913491e+00 3.438970315172629189e+00 3.855525098255719652e+00
2.361735074064731599e+00 5.967927317936342346e-01 3.843100183897436573e+00 3.597073654704982637e+00 7.724821840789974026e+00 3.547076567926453539e+00 2.837324506604121943e+00 5.526758172438090533e+00 2.882475103918824555e+00 1.348874803306182368e+00
7.001643190807892436e-01 3.305833685262258737e+00 2.460691362212966415e-01 5.623144152611114777e+00 7.028519997839025812e+00 4.744035781753620284e+00 3.910526015302506320e+00 4.363210388670237805e+00 2.691337074488637793e+00 2.450741476820073927e+00
4.411794292360161407e+00 4.477861759210874482e+00 7.435414380352652230e+00 3.500572484639172810e+00 6.701493573963461792e+00 4.749148900772368620e+00 3.075146318078796348e+00 7.531926093701076574e+00 3.861855179253987469e+00 3.962661665423494739e+00
5.267252177689177861e-01 1.502265857296049445e+00 8.657761355336526243e-01 3.048046292041620031e+00 5.859226636611608363e+00 6.586392611978200584e+00 4.390936741988933356e+00 3.335293823905091326e+00 2.993121092519614113e+00 1.865266000292895354e+00
2.484998631920487977e+00 2.254769235571304264e+00 2.807710510955068628e+00 3.229292629844690232e+00 8.603693574909753394e+00 7.200549242342116685e+00 3.627627760291403547e+00 4.655188758493133960e+00 1.963920799886152313e+00 6.561316554903986464e-01
3.075587775557731440e+00 5.677721296314380162e+00 4.992943465919373658e+00 3.211368452336519574e+00 6.169700237007802457e+00 1.168871040523197458e+00 2.875212234178629256e+00 4.323907243358545038e+00 3.406787134967581121e+00 3.066749537366971090e+00
1.801162689097791647e+00 1.648085481181694067e+00 1.647611161855548623e-01 5.335572832140780264e+00 5.735629036156151273e+00 3.415352766285486563e+00 3.132971893965114774e+00 6.048680930721263671e+00 1.085837042289787391e+00 1.485515222352814080e+00
1.683768273124877313e+00 1.800902741677001817e+00 2.816557483036455700e+00 1.788206916389663448e+00 5.149980837732751837e+00 6.537361642844484955e+00 1.597771569349582643e+00 1.167967327624555240e+00 4.783032244442548375e+00 1.888146868872436102e+00
3.496200057013446827e+00 3.698419844098967957e+00 8.150889633555737035e+00 2.317054695824996013e+00 9.058906206407284500e+00 5.730447010707440114e+00 1.952482512174912532e+00 6.003439179999241482e+00 3.077179695559050021e+00 2.601938161924734594e+00
5.515841746723100236e+00 3.928879142784750034e+00 9.903087799652976031e+00 3.747329962365906209e+00 5.475388428395364215e+00 7.201616639357532712e+00 5.210037723192236570e+00 5.672005186632711471e+00 4.102104248176669188e+00 4.727795738515945700e+00
3.403399546098597295e+00 5.011258079208185556e+00 3.742011648583711825e+00 3.594882628547900527e+00 3.092567454310355402e+00 7.572583961126233554e-01 3.647641798829209137e+00 3.667480937850920775e+00 4.822104366887645988e+00 3.311357357225323650e+00
2.858942249815278558e+00 5.437080219087934374e+00 1.128273052297137369e+01 4.347021181704020520e+00 3.057678865414005909e+00 6.197508430219019537e+00 8.162957397760198575e+00 1.820472931176932541e+00 6.927197098520811558e+00 3.031865902589184536e+00
3.920071564042234780e+00 1.222213616357704424e+00 4.167529391626453972e+00 3.895574854724600744e+00 5.688622930352188689e+00 6.392169672638532418e+00 3.278184553192175166e+00 4.813556891298532925e+00 1.201241845333946623e+00 2.654017046277259873e+00
4.575889284967868953e+00 5.393591371844665083e+00 7.242039568820134221e+00 2.753144510233022757e+00 5.997899170567661642e+00 5.867902916307484951e+00 3.278268371959931038e+00 7.969711625290665680e+00 5.936167402105347435e+00 5.711558442782417977e+00
3.268203099215121199e+00 2.848691626086709672e+00 4.989132342977875112e+00 4.776566110551295985e+00 5.265956136963006351e+00 3.216872299410609592e+00 5.241588747387750047e+00 7.570525480812723806e+00 5.384403430683310177e+00 3.544826397736800860e+00
1.275593132202656799e+00 4.066338845866200202e+00 4.929761380800059101e+00 5.345443148764103647e+00 5.813155960229586583e+00 5.165093381833259834e+00 4.226255186084086013e+00 3.748400025949834458e+00 1.819783886497739589e+00 9.344135502876551591e-01
7.312763645016763236e-01 5.220678571636379495e+00 3.570162827524673954e+00 3.533550172046489912e+00 2.060920365185608727e+00 6.135014422879821794e+00 3.282055452559601516e+00 4.947045734144997375e+00 3.402399728104485988e+00 7.220609674536758726e-01
2.164150754016217704e+00 3.517732979984634412e+00 1.173813491189351055e+01 6.055233935923765465e+00 4.017778091478483304e+00 8.167509889332317030e+00 4.535476594573678355e+00 5.392238903452991394e+00 4.226630860354800845e+00 4.132944715173301198e+00
1.572746975725234142e+00 5.530787006623898439e-01 1.988952204057144346e+00 3.068356979853057886e+00 1.751400499226646756e+00 7.020110397993143181e+00 5.882546143606530720e+00 1.324197733705822833e+00 3.192393596452448357e+00 2.072630916185330019e+00
2.117661225596246144e+00 3.795531654140503530e+00 5.706415884879945999e+00 5.293579388526744367e+00 6.150936928517506175e+00 1.345397110787043049e+00 5.150337282288663943e+00 8.880929311571886586e+00 3.256600749983384446e+00 2.246761676046409750e+00
1.064577212353945868e+00 7.189366770209760560e+00 6.263144843970154696e+00 5.458965574018796119e+00 3.307103026232685927e+00 4.300537380025399870e+00 5.026341213769255134e+00 6.861598917367877526e+00 4.198081102900419026e+00 1.235631393556337443e+00
1.863226042293696372e+00 2.130347321293683205e+00 4.100497488350512754e+00 4.610580907670325246e+00 1.182044805055684433e+00 6.266280655986007808e+00 7.979775466025436081e+00 5.030414370061500051e+00 4.464511350374072762e+00 7.996917107169373429e-01
5.821308539215948041e-01 4.911868054415645446e+00 2.640337379552123220e+00 3.718403704129227716e+00 2.357685469709354553e+00 4.329060505185068131e+00 5.520052502406040063e+00 3.376440464046051027e+00 1.520987656120001086e+00 1.343823919713997617e+00
1.560849705681772448e-01 3.618243676570148448e+00 2.643720948462454423e+00 3.896271417930089243e+00 5.611334706829928187e+00 3.749539117076054584e+00 3.930854975007936680e+00 4.775597675861864566e+00 2.461457235394474807e+00 3.017554046196887274e+00
3.463354878232441258e+00 3.298233021960032652e+00 6.541829387252676931e+00 2.161650287143095817e+00 2.426650011448963085e+00 2.490499593859655469e+00 6.082033511654625357e+00 3.425045593700605906e+00 3.537018175014982724e+00 3.455845437782334439e+00
1.916575371545744089e+00 3.998609065340174240e+00 3.205163093043296829e+00 4.136602106659424294e+00 5.482675483849753562e+00 4.295461720905599634e+00 2.222990178012144824e+00 4.264032838921830937e+00 3.027928874834859840e+00 2.498538482588013920e+00
2.647870135010259585e-01 3.008389047611652600e+00 2.536430932658912063e+00 1.129903799646767126e+00 3.905588938460107240e+00 1.697164261450396117e+00 1.011795701833284378e+00 2.710784216777324840e+00 3.112098214535215401e+00 1.002238581823451602e+00
2.229388460630236324e+00 2.911449236662657203e+00 5.299791662261551295e+00 5.380629889854980696e+00 1.106460298168228462e+01 6.898867466874230026e+00 8.678213003595667274e+00 2.209164296054157095e+00 3.251481722591254453e+00 3.300730121182601451e+00
2.447821150237028842e+00 1.767286889303439024e+00 5.305503249515832742e+00 5.640958428989427453e+00 7.871142607754026521e+00 1.126433377817383619e+00 6.731048209528984749e+00 1.094549478462856440e+00 1.881284345732104457e+00 6.095684168891144505e-01
1.186045380751646006e+00 6.735612049292700743e-01 4.064908960536871341e+00 2.174832819767499981e+00 5.346334369080770976e+00 2.588838984269885124e+00 5.216995996616962117e+00 8.523706214833451256e+00 2.423503247334010346e+00 1.818830519011743974e+00
7.347462322136908419e-01 1.722886483158465820e+00 1.757993148921377147e+00 2.153978058062283818e+00 1.264764169066998845e+00 2.196122559234185090e+00 8.712523978859377793e-01 1.346467038129393057e+00 1.307418438849644815e+00 9.617452265395128874e-01
2.780774730266687200e+00 6.227192199059466970e-01 6.322430650096341864e+00 2.803800218006214706e+00 4.008931159857382909e+00 1.822147967433746407e+00 3.165515951897594160e+00 4.058735411364193801e+00 2.579784890906723138e+00 1.653992099551721218e+00
2.643961902973435141e+00 3.197902548022256930e+00 1.055531243595592583e+00 6.390802114349720675e+00 4.830643604816291514e+00 5.750991999834689672e+00 5.811267534750593988e+00 3.301115634566849533e+00 1.491713190816778889e+00 2.507514820399493249e+00
2.252743242341315177e+00 1.085990265034844526e+00 4.052535843115538938e+00 4.932382534233966886e+00 5.632757804656302270e+00 5.232508985642468247e+00 4.856159878706554522e+00 4.413690940865372170e+00 1.302113855949854404e+00 1.419264742655102385e+00
8.921385935686342306e-01 2.549905408623408753e+00 3.950284496841652615e+00 4.405783086724547992e+00 5.124726136019566169e+00 7.431044464173692354e+00 4.666524944116249074e+00 3.148742722122435111e+00 2.294566511840361311e+00 1.567608264331858514e+00
