8.777041196161001688e-03 8.774861361213755206e-03 2.409848549592765940e-02 7.137940482639205247e-03 1.881289474027007802e-02 6.575278447034886044e-03 1.049751037761665826e-02 7.783623712880591294e-03 1.269866126594770828e-02 3.905464307861367026e-03
1.323430385663883907e-02 1.076299976146381787e-02 3.947344826454662198e-02 1.125928237117335487e-02 1.940851316895312456e-02 4.641514945463363212e-03 2.007423641241223855e-02 2.199121472521628137e-02 2.564529873384783186e-03 1.516554519479288744e-02
2.785985502711186071e-02 3.228384523776482717e-02 3.564468004429668241e-02 1.187977915995356779e-02 9.924350750427008913e-03 1.304000706132633913e-02 1.354718528876981340e-02 2.250000576349619683e-02 4.174593508654145246e-02 1.430723737772745391e-02
1.192382538000012239e-02 3.238103954960940001e-02 2.919501413299966860e-02 1.237656842128855711e-02 2.120358138685717736e-02 7.175896960118747711e-03 1.433711606676289947e-02 1.777971374168646132e-02 9.385571801111287221e-03 1.697667461638028771e-02
4.172261400435271772e-03 2.292726459254206678e-02 2.643219583918100107e-02 2.966255860129738894e-02 1.592398406816591949e-02 3.168944681524215462e-02 3.368997648151653146e-02 2.850517009884921682e-02 2.235692584814164344e-02 1.874989434261792667e-02
1.862776815598076938e-02 4.856332367394769478e-02 2.948336216363077814e-02 1.109200746427979091e-02 9.245177896505241827e-03 1.766063274029294750e-02 1.537444565116465045e-02 2.351045407012370553e-02 3.312730695606012216e-02 9.869792715484894050e-03
2.094487725980471657e-02 1.439785109573392223e-02 3.656049442420877121e-02 1.358568229728022124e-02 2.168787317236860537e-02 2.305969456830324685e-02 7.995174871815474704e-03 1.216576194335661915e-02 2.713582789458001548e-02 1.601346180247718506e-02
1.560304212746442543e-02 2.944826735658190656e-02 3.429413363585302049e-02 2.241941115178241670e-02 1.235680982798723591e-02 2.061475256372792206e-02 1.752245952497500162e-02 3.324963541992986826e-02 3.272468185190525319e-02 2.193905723881711678e-02
1.226441124958890794e-02 1.475562426029364271e-02 2.972118269434958354e-02 2.182254604439436488e-02 1.950444776281352877e-02 8.850065592772033557e-03 1.769735752488681493e-02 5.804995901517551009e-03 1.362819710566289845e-02 9.898888710809022537e-03
1.240328589195258992e-02 2.871221509678400369e-02 3.501828665661393253e-02 4.577918333697625353e-02 5.201229393654746569e-02 4.211422266635746203e-02 4.863883398186023138e-02 4.813733199248813877e-02 1.017734049885921956e-02 2.409847866198411639e-02
1.141366405791469953e-02 2.222203115774369978e-02 2.137934029081042797e-02 2.769323278242295100e-02 2.191630128872950126e-02 1.112123926962741913e-02 2.267129676628936580e-02 2.060643093534883855e-02 1.498102713053967548e-02 6.489051870239160268e-03
2.141444436900930004e-02 2.875334149354174043e-02 3.247717444741491516e-02 2.571949210720124793e-02 1.964350716105195752e-02 1.160310199158556474e-02 2.025445338735626724e-02 2.017270906973785138e-02 3.145915001988087989e-02 3.686380367090963481e-03
1.249419306045430542e-02 2.395672172580629380e-02 2.083414734399651608e-02 2.368236876051700579e-02 2.155892280326183671e-03 1.300010783676882123e-02 2.599756198206691973e-02 1.799044490045678332e-02 1.888114763166305263e-02 1.736457787943075995e-02
1.354532855262513720e-02 1.194770189908630868e-02 2.281754032905597071e-02 2.206308873001713508e-02 8.144491375822805398e-03 7.359925770940734663e-03 2.276578340603585202e-02 2.079130558613213539e-02 1.239207040256864491e-02 1.954658195968355522e-02
2.331828596281735819e-02 1.184032094884339414e-02 6.097099595834635372e-02 1.899183251108986503e-02 3.467915573355100090e-02 3.216261097326923203e-03 3.947571013835494275e-02 2.398183232303550960e-02 1.247530555684820200e-02 1.164512593067867051e-02
9.816760254794909893e-03 1.753448663988022710e-02 9.468216312958133152e-03 3.252205591686240654e-02 1.917685350753044887e-02 5.752495484171904656e-04 2.348985856727596813e-02 2.494253187450397660e-02 1.342348381417753263e-02 1.155644262080522157e-02
6.121866048416342229e-03 2.003599296228534068e-02 8.036236418880758625e-03 5.546790125989120405e-03 5.780197187994729965e-03 6.320266210453368005e-03 5.043092066388549059e-03 4.640079376782540142e-03 6.042460885447649595e-03 1.029583067794933009e-03
1.000077333834608478e-02 3.484594592107199268e-02 2.010800103654253324e-02 2.344090483712487141e-02 2.488546020911067830e-02 3.698028206594255324e-02 3.795843126789916200e-02 3.390527315215954851e-02 2.030708023534706641e-02 1.241439265931403545e-02
9.400749705300904396e-03 2.476606799051902716e-02 1.474174354317115028e-02 1.854681213307222531e-03 7.289117676060583723e-03 3.379652157617914297e-03 1.078251163433225496e-02 5.508497866560717500e-03 9.367414846674085999e-03 1.403131237767757476e-03
7.330105781639338278e-03 2.141121175614420918e-02 1.839126989342839552e-02 3.456642302476128133e-03 9.582727463303174556e-03 1.220484892895823403e-02 1.312833739204669059e-02 7.803351730410807395e-03 1.330250263951391655e-02 4.516269837533739250e-03
