4.038975325338497235e+00 4.501109340283042215e+00 5.853362918296697970e+00 7.109953460877489029e+00 8.252537902611960519e+00 7.967330172089017282e+00 3.829838019257899351e+00 4.856041637596182348e+00 1.002652323072177332e+01 7.680872531946262072e+00
3.454666614734098307e+00 5.267516489125663171e+00 2.288090915473305120e+00 5.954806557312333659e+00 8.218029557605431634e+00 6.763864585715310795e+00 5.785909076327080847e+00 9.908802489252343193e+00 5.389563276990894103e+00 1.002260517531813377e+01
5.973065834912484107e+00 7.396300000311151202e+00 6.614570542196059222e+00 8.343409864007997001e+00 3.819040883360462324e+00 8.080380064969148179e+00 9.273129675918042381e+00 4.457670227265300711e-01 6.011292988852300567e+00 4.687423971198708905e+00
1.629884732618531507e+00 2.973323757864001493e+00 6.732698741634703055e+00 6.779531126945506081e-01 6.322663736270230928e+00 1.026185905479817917e+00 6.974224545072477355e+00 3.069386709079047648e+00 3.488206480717123359e+00 5.646672835704631410e+00
6.886589560844052826e+00 1.884595370222530875e+00 9.122535581034984631e+00 4.057155234163980495e+00 4.748322678554769638e+00 2.872593217539104238e+00 1.111765593237312366e+01 3.600295046408043209e+00 1.158667318582353500e+00 3.924791068582492493e+00
7.042683325591842625e+00 5.297673119179964196e+00 4.979642121902243090e+00 7.007009935543831780e+00 6.572778295802016224e+00 7.633547370693905876e+00 7.403139687880216258e+00 7.355419016694544343e-01 1.118785837757725332e+01 6.279738236780962879e+00
3.525060082215456969e+00 2.054515982318521949e+00 7.302560970822919550e+00 2.552471968496551114e+00 9.323651219847981508e+00 3.433522034426330638e+00 9.589512303050510056e+00 7.838529443275248809e+00 1.539319598276399415e+00 7.209912758185573978e+00
7.851987087870424986e+00 3.699025700840832709e+00 6.438306927596666895e+00 6.433818594252799228e-01 6.394368719116641842e+00 6.562838330844491530e+00 6.383140417365718022e+00 5.075441234732305240e+00 9.336624898325991850e+00 7.567310041229736939e+00
2.842044722859631278e+00 3.235337899596346212e+00 2.753168014357453952e+00 9.700526225309056283e-01 2.565621544818463828e+00 3.015049708981652365e+00 3.449535894606241548e+00 1.119723308151945318e+00 4.896541830994142863e+00 2.173516641981346087e+00
2.789473175097070712e+00 3.744152646675774854e+00 1.199021838002933293e+01 4.871542368266325695e+00 2.845750603911874954e+00 3.015722296523158708e+00 7.599233657656104590e+00 5.865441246577595358e+00 2.663809127899221529e+00 3.516576443695107912e+00
1.266071262777993756e+00 1.385599361453388134e+00 5.409695136488914535e+00 3.642730229146141085e-01 7.635845471291920816e+00 3.678034856113983952e+00 4.428315853251454826e+00 3.383426545476612368e+00 4.406021723869612217e+00 3.444796774562656427e+00
5.890835551571318440e+00 1.767568467238100904e+00 2.458035729389901114e+00 3.606753050972129504e+00 4.829876231145362020e+00 5.666882306573074679e+00 3.653731604266357458e+00 1.624336900343330470e+01 3.711517650527057288e+00 9.461519697575536014e+00
8.182202653300484130e+00 4.652872935513032715e+00 3.459622499833341802e+00 1.085966848102032678e+01 5.206024097962088426e+00 8.277805777706422674e+00 4.293618822734661222e+00 8.441979258109547857e+00 8.152768999312137055e+00 8.943867494282576658e+00
7.624053668137032780e+00 7.004501574112316220e+00 6.618866485652389997e+00 1.678671457138828060e+01 3.824386520927432365e+00 1.025188658356373494e+01 5.105928152066277370e+00 6.145026491745441355e+00 7.276760177679894248e+00 7.335780855992718230e+00
2.975747040619175277e+00 2.919126482484821317e+00 3.073133120937284524e+00 1.201344530146132961e+00 1.878222787707666930e+00 4.383435763815549890e+00 3.719767663366398303e+00 2.196777868721041749e+00 3.222370037844486834e+00 1.135526549334382018e+00
5.113032061339875867e+00 2.827698608513614875e+00 4.536935538695057168e+00 6.521159835863177712e+00 4.492562842366591980e+00 7.244994692928952595e+00 3.498739136529611216e+00 5.311233619206001677e+00 4.161885242780471117e+00 3.976962525281745098e+00
3.541971864367239764e+00 4.368830988282396355e+00 7.092532149714963374e+00 8.020991970137824723e+00 8.822681043642724319e+00 8.215377927821378989e+00 6.628637228296065942e+00 9.173689181840813944e+00 7.234157352099952476e+00 9.246188891651623720e+00
2.365202127324911530e+00 1.074867737040177218e+01 9.740129771712922491e+00 9.269045930840411174e+00 2.682122527466127782e+00 4.308985750518566249e+00 4.015562726765782742e+00 3.082601065326763923e+00 7.227599831905274108e+00 4.724923316414634478e+00
5.378526648553423328e+00 3.469329898296068748e+00 5.092378152794911017e+00 3.028994165476487144e+00 3.524691541998261179e+00 5.333742194381947854e+00 8.465963440443607269e+00 1.343933461421510378e+00 3.716219593087142226e+00 3.194217310524229969e+00
4.571706018812864869e+00 2.439366556888617588e+00 4.476806412560175197e+00 2.312951551102149228e+00 8.222057377287477209e+00 3.370690244873355557e+00 1.111816669311346573e+01 3.218813105255448725e+00 3.726698517554486223e+00 4.923077310009476015e+00
7.495063525483683931e-01 5.548487469023176688e-01 4.368288206369983939e+00 4.357331885254549064e+00 1.222978259116336908e+01 4.280987158382882463e+00 5.276004848588443430e+00 6.218693651088889496e+00 4.786374482459315516e+00 8.978169212799922860e+00
3.008617059733769583e+00 2.352284447298522263e+00 3.731679413779218080e-01 4.108001845965230103e+00 7.663192621970349450e+00 6.641849713306851477e+00 5.031721054279977956e+00 8.169853571574233086e+00 3.473008910949830774e+00 6.941290855282584715e+00
3.942822431645582881e+00 6.389216933047428881e+00 7.591285144143920860e+00 4.907404670470819852e+00 4.441050053018300581e+00 5.352307252034509411e+00 1.256501385732092047e+01 6.144795148767994153e-01 4.220085380254363194e+00 3.899818373321781273e+00
1.900692386632780284e+00 1.110870956739219118e+01 3.061972485451574411e+00 4.019723195556142770e+00 6.695473779157699035e-01 3.237964124975994284e+00 4.482147883482948458e+00 3.582412177027906264e+00 4.270878768419069438e+00 2.926869221820823874e+00
6.079345527981981689e+00 1.596267003646332894e+00 1.552352885980923913e+00 3.346198859390226321e+00 1.323036293471459679e+00 6.108361787736085624e+00 2.442610118289911814e+00 1.884559378891488279e+00 2.306363423457999495e+00 1.559677318900486664e+00
2.687653306083764848e-01 3.401399297584041026e+00 3.761974981071490642e+00 1.414059694904439946e+00 9.314524030838070345e+00 4.050652545810865313e+00 3.924312941259130660e+00 3.061901842094519210e+00 4.500851163696957258e+00 5.158652107702599743e+00
4.327201390333216047e+00 1.676019811258661063e+00 5.253790387917731231e+00 2.481757912323371507e+00 9.284522277192159834e+00 3.007551136633811240e+00 4.589980575118145723e+00 2.130235926661895984e+00 3.195042779569883695e+00 4.485523713073040319e+00
1.282709272170119430e+00 6.396372661532766513e-01 2.834825529424429114e+00 3.447466395891177093e+00 4.962930661518005770e+00 1.703540847502240885e+00 3.726035966792887955e+00 3.926089492842025130e+00 2.208833471265463366e+00 3.636765962986708178e+00
6.153260854623111342e+00 8.322359805374004438e-01 2.770529145361083412e+00 2.351192688463263902e-01 1.154120399979882272e+01 5.695090514106616375e+00 7.226799166754055648e+00 5.041974340098269280e+00 5.964430306075107602e+00 7.739001793917562821e+00
3.863789363477065919e+00 2.882265918000127325e+00 6.417263578981064143e+00 1.401875315817508350e+00 6.387083414330074760e+00 2.078509406002192250e+00 1.093922120373130191e+01 3.951383140317122233e+00 4.343323821582842470e+00 5.260236307826612112e+00
5.471785178622999624e+00 3.598261686065086895e+00 2.241598802550974323e+00 7.163857595330012096e+00 3.410452839980318451e+00 1.060218784735155673e+01 2.505734060848153089e+00 6.578781642397856899e+00 5.822557642417569568e+00 4.377289073271201758e+00
1.383122948560608023e+00 7.254095037146724323e+00 4.767212419047929473e+00 2.633387369295977720e+00 2.986669471834899614e+00 4.303573259250782712e+00 7.599696389272335928e+00 3.066056433168411477e+00 5.008113847495237358e+00 3.305000567860997052e+00
7.057665119396371978e+00 2.853189512527444016e+00 9.402999564724787263e+00 4.485391204768141904e+00 1.431731796905201826e+01 7.504267044969339828e+00 1.883597773186668434e+01 5.236825159952055664e+00 8.343517430811875357e+00 9.417053983977611509e+00
9.789651628485979140e-01 2.472561725984582459e+00 4.490165194421443573e+00 1.971775599035217486e+00 4.411227898554216154e+00 2.319267193604497734e+00 8.189932071851787398e+00 1.713904128094401402e+00 3.678583428183463067e+00 3.530023189516681814e+00
5.362524390694380916e-01 9.151499036807651422e+00 5.272975718109393917e+00 3.234117540035718275e+00 2.761942671652601433e+00 2.186667512625396714e+00 2.234476867511771658e+00 1.796383284040430794e+00 4.692835086809036937e+00 3.519086245019242831e+00
4.116221564031140367e+00 1.890383766987266290e+00 4.903157059271788576e+00 2.144257325738870290e-01 6.887009644086415250e+00 2.319562654779217858e+00 1.127718940987770679e+01 5.297679410305184078e+00 1.829643597159386514e+00 5.241031166647496242e+00
2.758697571716616448e+00 5.190206095343473436e+00 4.433200727343146852e+00 8.496727687264776785e-01 2.922150086069471797e+00 2.782767425401845962e+00 2.093291021485502501e+00 8.035210621547657084e+00 4.326106271116321622e+00 5.541703951254017824e+00
2.934864001719989623e+00 7.314755386364459433e+00 5.459048996754090943e+00 3.286817426093458838e+00 1.320418168051961105e+00 2.498500786418075048e+00 2.590320229052023304e+00 9.892670417100657421e-01 7.624462835824028950e+00 2.734318883700464831e+00
1.252357703256478061e+01 2.973092971186290789e-01 3.957625304338104666e+00 1.836537854882930310e+00 1.637232289973447275e+00 3.226689372500121333e+00 4.841712085260645893e+00 4.219849526394002126e+00 2.055019574147210815e+00 3.013553694953265083e+00
2.259613539915406921e+00 7.599508713748232225e+00 2.248096784307274554e+00 2.596338407822465388e+00 5.738811511192887238e+00 5.305171824396424540e+00 5.189816506821701481e+00 2.852954745787795066e+00 6.312139255030658092e+00 4.364385010435691825e+00
1.385808486102222181e+00 5.621565893107687728e+00 1.870991037743575225e+00 1.852598608970364547e+00 4.692890243971518660e-01 2.987100775226605442e+00 3.461016764885064934e+00 1.975064264052432739e+00 2.937563407578515751e+00 1.776667980823833926e+00
3.667689148188388870e+00 1.794387214941890907e+00 2.477918209309679654e+00 6.706880786643663050e+00 7.294722288377952779e+00 7.251391410861689479e+00 5.453903359533786244e+00 1.192551582115124020e+00 7.443558797973301111e+00 6.238915662136086837e+00
8.010378997140721324e-01 9.347935959754270385e+00 3.209822632517362440e+00 3.528397211086927499e+00 1.018490526816140163e+00 2.445227243903120407e+00 1.155569360668094792e+00 1.211402100118881719e+00 2.884357543680890590e+00 1.843516390667193638e+00
3.679808433144341251e+00 1.824208149738244522e+00 3.622937144274640975e+00 3.801007209764864836e+00 6.273235396065746983e+00 5.210785569380989912e+00 4.571887820554873194e+00 7.672399985712282877e+00 4.901258403653703688e+00 8.331154123578055959e+00
4.053054264509314386e+00 1.184818028729259565e+00 4.416653468103040048e+00 8.687299916620816020e+00 1.598685401992216981e+01 8.356385203709395526e+00 8.184353732814081184e+00 6.034651646142391357e+00 6.442653152360350965e+00 1.076890577792693016e+01
5.043547030380840290e+00 8.492309066980469723e+00 6.286758143662072307e+00 7.553785921714101015e+00 5.339352680862806011e+00 9.922746182785642688e+00 4.303499537272519326e+00 7.169835869823072194e+00 1.131130584434768593e+01 7.250247604310421146e+00
5.192807437583669028e+00 1.202961944066825328e+00 3.056952309069419282e+00 4.806389907747024459e+00 4.522229973194043851e+00 5.265573798844880749e+00 3.452553566375892391e+00 1.490363626448836420e+01 3.298884040557410025e+00 9.310823095941595184e+00
1.983190525869121368e+00 2.177079691868925693e+00 3.413520983949874577e+00 2.471762982916270168e+00 9.253209246071754990e+00 3.914395424798234657e+00 3.501854970367004771e+00 5.019695724022280814e+00 3.270098939709916497e+00 6.727595057588279914e+00
4.980045609404456286e+00 6.647187403467811784e+00 5.599343041333352033e+00 1.051227819018316723e+01 1.823177239828306151e+00 6.872816159031188477e+00 2.457491048034679881e+00 4.940758037757270849e+00 4.410886552646950953e+00 3.021620859534924097e+00
5.246538466138598977e+00 2.795100478810653044e+00 5.156548430083779166e+00 2.071884771083690513e+00 3.852495359412376086e+00 2.955813458771175739e+00 3.583320401018488255e+00 1.031404506563620416e+01 2.411779633593343242e+00 6.241443136813943582e+00
6.492554789122601200e+00 5.714655828671254767e+00 7.918575868967080211e+00 8.099914919898834498e+00 8.301691213574486028e+00 9.671210278635976820e+00 7.979729650158647658e+00 3.314230168974239721e+00 1.268428371407510014e+01 8.379186294718616423e+00
7.477061726110338924e+00 4.577097495786705217e+00 4.684197185064537194e+00 5.241102559110382586e+00 5.318885059287198125e+00 6.487356910213923911e+00 3.722856525223091406e+00 1.879818209396714579e+01 6.555765613348750520e+00 9.920239515757682369e+00
2.092274081491179327e+00 7.036583198980301823e+00 5.825414766225696539e+00 4.796951629613255719e+00 9.287046914387607544e+00 7.503600217053830512e+00 6.609444250441536717e+00 5.573509640901833428e+00 8.405531644280459957e+00 7.142893197218352697e+00
7.105774343847375718e+00 1.687818454317700390e+00 8.413418299490418306e+00 5.290876971319924849e+00 8.461531662947672672e+00 7.631974064446671591e+00 1.228377663951991039e+01 4.695500685959705045e+00 6.724718174223806244e+00 6.646998700460668985e+00
9.667718962475488453e+00 1.872450649604820549e+00 7.188341865102056971e+00 5.679536424538057737e+00 1.557553178107913494e+00 4.477667442230025330e+00 1.258820663045060906e+00 2.887976644585177777e+00 2.534963581732344817e+00 1.139518296231079697e+00
5.144807747627200278e+00 3.303446076085976291e+00 5.443357333187315739e+00 5.316282234181348265e+00 7.079158909755459028e+00 7.941408818385719215e+00 8.792929862790254347e+00 1.936625216838769425e+00 7.933927389012418452e+00 5.290240938967319728e+00
4.863201777814057714e+00 5.127314753337664399e+00 3.351978095860511875e+00 6.022299049324097986e+00 1.330795626415456923e+01 8.346659413659571314e+00 9.405237901805286072e+00 1.031983180593262261e+01 6.037892490632930986e+00 1.154068088823093774e+01
5.119536096258705982e+00 4.463350019080386311e+00 4.936570064310340733e+00 3.100757424001692186e+00 4.323892396047101627e+00 4.764752987853307253e+00 1.666497012145560230e+00 1.511178503250722294e+01 4.676096053523671969e+00 6.632937996586495188e+00
7.662356310934999470e+00 6.221512160748770448e+00 6.375873913544903182e+00 1.193677384189721913e+01 1.684462521100507981e+00 7.814805816547820250e+00 9.458287909746717403e+00 4.975954210522854915e+00 4.404565162756549412e+00 3.272346810232275693e+00
6.458270284871212574e+00 3.866963624392256271e+00 8.166607147106995868e+00 2.942470219309447632e+00 3.379437323539306703e+00 3.611881204665825962e+00 3.890048001384315501e+00 5.585668023179089836e+00 6.027255647530716409e+00 4.566011245487445080e+00
6.584603517216453206e+00 1.812587655247610785e+00 4.553734692025655839e+00 1.882587227545047481e+00 1.010270345005084636e+01 5.547332886898356463e+00 7.077378967684990307e+00 5.613619389385093861e+00 5.513872101495506328e+00 8.371454100355382622e+00
3.790219865915853692e+00 4.837265716625791079e+00 8.330102845459384397e+00 8.421436558682879436e+00 8.192842387471957366e+00 7.677866349425140235e+00 6.870619919208962756e+00 6.041639042342864307e+00 1.039529521473975571e+01 8.549770468655557565e+00
2.000613561224324766e+00 5.577244606744291566e+00 3.391774554154611376e+00 6.429640967084389480e+00 1.318252208358206667e+00 4.305428719507218283e+00 1.927801293863260712e+00 5.151895963140504797e+00 3.333634157919807439e+00 4.569992507767710599e+00
6.286444907768080625e+00 5.935496564142940024e+00 4.139939127610513303e+00 9.092203692049006136e+00 8.532699578996515655e+00 9.855972587114514738e+00 2.904335101695197263e+00 3.211048771729658302e+00 1.177373344434256985e+01 6.445792291163330745e+00
5.771359387438899979e+00 5.108670920343787003e+00 4.080799414542008563e+00 1.534139056591244055e+00 6.809335410094216279e+00 5.620055933457070552e+00 5.062580082683019178e+00 7.372013255390273301e+00 7.899124067646675407e+00 8.244234477489527535e+00
1.645106452487052673e+00 1.097405322633840363e+01 4.362762353987810648e+00 4.454477358746048665e+00 7.645828009308011097e-01 2.613697817332400142e+00 3.684163010491675383e+00 6.327573044560306670e+00 3.267645348164793351e+00 4.505781099104535059e+00
7.733073963246130944e+00 5.885647016177594004e+00 1.122825403414215373e+01 7.105491118076462165e+00 1.146757495178974651e+01 8.230014570416003039e+00 1.922846832081283353e+01 3.181701227585369995e+00 8.808242169363728280e+00 9.466793490242357834e+00
5.445568193492813514e+00 7.966202474888325114e+00 5.139175007948526108e+00 5.062891948649283158e+00 5.266844496608064752e+00 7.667851424135965210e+00 6.062221984992872237e+00 7.663567698608678036e+00 1.016998731791103339e+01 8.241738093415857946e+00
4.558878186839206315e+00 6.753186724779682848e-01 1.169620274508699609e+01 4.994706116421791187e+00 4.563498441279447704e+00 3.893786002016700554e+00 4.853220822503831577e+00 5.995557802365199862e+00 3.489776355178800582e+00 3.741729596807987335e+00
1.968692571739262265e+00 1.326132662652371730e+00 1.319860438239613298e+00 2.460203994505140823e+00 2.441286898929868610e+00 3.389097250051865906e+00 2.696904583363752828e+00 3.269716717619356672e+00 2.694564855469802289e+00 3.011410604178520245e+00
2.835077047582635235e+00 1.047015453273915320e+00 2.647103711231409306e+00 2.486537983216795311e+00 2.029912228741802771e+00 3.226601126012436094e+00 2.303403000354393271e+00 1.007359211795740705e+01 2.100267509804707888e+00 6.087198307956048993e+00
1.862963893616544908e+00 7.041498845578980870e+00 5.694109127564729533e+00 7.996277641991713203e+00 5.328881084839657056e+00 7.910781682744314480e+00 6.313767144152001798e+00 6.315931615231040297e+00 5.667903519947499191e+00 6.373772806706528016e+00
5.335764881044175567e+00 4.360161098307332672e+00 6.840108967424782804e+00 4.308071780340745782e+00 8.040245041152815020e+00 7.192404028492535240e+00 1.086985360595811123e+01 7.411943097506164868e+00 4.640279339559718608e+00 7.810814327913230493e+00
8.023971993634138045e+00 7.388227278719847746e+00 5.543941840761912765e+00 1.259511256845692095e+01 4.413558248570607745e+00 1.073846003421467721e+01 3.826565421251867605e+00 3.810394384157267389e+00 8.951498250876708696e+00 4.991840132322251655e+00
1.585111995837396925e+00 7.428265610795707019e+00 6.863475042129333126e+00 6.519260351987045787e+00 4.815103780472686168e+00 7.271284725388364123e+00 7.744349821467622519e+00 5.818398954739053330e+00 5.549749249869288192e+00 5.425254362374595019e+00
4.394119464802840547e+00 9.537117360365760632e+00 1.490595889788462181e+01 1.091505408485779505e+01 3.151540495150191301e+00 4.533353596125389018e+00 1.134638364454900916e+01 4.164458323260670447e+00 5.769817089038079772e+00 5.521688931298982972e+00
7.316326776726238990e+00 3.124353045497229253e+00 4.558321109263471449e+00 1.287511946615916791e+01 5.708184729523866352e+00 8.511304285204012388e+00 2.776929268819163799e+00 5.241128926105599328e-01 7.897015958449340900e+00 3.742179654677738387e+00
7.615415833508219379e+00 4.095174280322460447e+00 9.593980501550749551e+00 2.662142906366984807e+00 1.044969022075408560e+01 5.138054179239734509e+00 1.861905751462736802e+01 1.582714565888067693e+00 7.771119038557459113e+00 7.876861673934601349e+00
2.860904203667479884e+00 4.411888040155166335e-01 8.539378617755215117e+00 7.069522982528198440e+00 1.027394127760747722e+01 2.946352511539476637e+00 6.594063943869342026e+00 4.064521833032033626e+00 5.002076932018705513e+00 8.368839223691418638e+00
5.097601435526551761e+00 4.027604413230349012e-01 7.745854790777818577e-01 4.385185387651902023e-01 4.113999757247841060e+00 6.031898713696938863e+00 1.033073977630092122e+00 1.519377620201483925e+00 4.027325732601402031e+00 2.347583858899318976e+00
3.745585796898279529e+00 6.197654269573500407e+00 1.033100636444348908e+01 6.681307337100999888e+00 3.562633599093333547e+00 4.882064287938904457e+00 1.294811894897472504e+00 4.313706269518326586e+00 7.423808729604112422e+00 4.010522812696981632e+00
1.802313311088056480e+00 1.120071963096981449e+01 3.138700550147943691e+00 3.934839434155527282e+00 2.672993399077748800e-01 2.738393940503505153e+00 2.884654841736022046e+00 3.639085932649550603e+00 3.764268440813550498e+00 3.043665654841713586e+00
1.494875792440863016e+01 3.421006962818875952e+00 4.349455335811075685e+00 6.612911923283778748e+00 4.381348979301833424e+00 1.042652885005279373e+01 6.406327294787471871e+00 3.409541733682791342e+00 6.402610410510143346e+00 2.800739932319531444e+00
7.407571204641784313e+00 6.142061483044843895e-01 2.185586234221679636e+00 7.144474937398930248e-01 4.670281838662774909e+00 3.928258802411532802e+00 6.834598302070291176e+00 6.840989027608772588e+00 6.361122366974356623e-01 1.926791797243642357e+00
5.984136738005151557e+00 5.772141255508389079e+00 8.420049135247806404e+00 7.935369995887943340e+00 8.737954825311101459e+00 8.906831612115999164e+00 9.011857622109758381e+00 8.932564696546938521e+00 9.602397011771531155e+00 1.099503738349212334e+01
6.210683950085202021e+00 6.515141227521609402e+00 1.054933661562889924e+01 3.623391545455271423e+00 3.840138240734529251e+00 5.009862884462659594e+00 7.258635703732913669e+00 4.710753901270860133e+00 8.909551843320883791e+00 6.460618515277428919e+00
6.492554789122601200e+00 5.714655828671254767e+00 7.918575868967080211e+00 8.099914919898834498e+00 8.301691213574486028e+00 9.671210278635976820e+00 7.979729650158647658e+00 3.314230168974239721e+00 1.268428371407510014e+01 8.379186294718616423e+00
1.185463212017517165e+01 1.094964493067067890e+00 5.063265815889803179e+00 5.921058119619521110e-01 1.693475111881681761e+00 2.708278010157517013e+00 6.395624234889663917e+00 5.186199497098642475e+00 2.609461965140777551e+00 2.364539713531790266e+00
3.576253529618466320e+00 5.621346303895188079e+00 2.964806417803701244e+00 3.404267305350907158e+00 2.606766494848982152e+00 5.930321995950031067e+00 2.194001331935126142e+00 1.127771443200235479e+00 5.253844545430196966e+00 2.435233998901270791e+00
1.341064477569024938e+01 1.911459737073406329e+00 3.765039926733192210e+00 5.809630187407538671e+00 3.118550881592315971e+00 7.404896620402091401e+00 2.923392907962540477e+00 2.585588609094404244e+00 7.215872589977864848e+00 2.559810046918426618e+00
2.966383391331788744e+00 7.254116471035825242e+00 3.639505198951911602e+00 5.404661730166736788e+00 5.323528670456425971e+00 7.118361075098340152e+00 5.410267160513859253e+00 5.824672796870857816e+00 8.207378868869348310e+00 6.727857257748681263e+00
2.711520425780935106e+00 7.401655649180310270e+00 7.398121691415148860e+00 5.013337947493757163e+00 1.366790346838014480e+00 2.582010926814777285e+00 5.082991723397801920e+00 3.177183135681714621e+00 3.580876282106576713e+00 2.902010105537479845e+00
1.613391147781433110e+00 1.606897310769259013e+00 3.785710055195135926e+00 3.186662187662064216e+00 9.439068196293698421e+00 3.472840826842237050e+00 4.471815407033761680e+00 4.287347482838255175e+00 2.219759179201550303e+00 6.212252271425827033e+00
9.541296118213089539e-01 9.705776203057718376e+00 4.106861354419917731e+00 3.805165611287320893e+00 1.077857937865865257e+00 2.249225169551804182e+00 1.841037362910625585e+00 1.180997359092108345e+00 3.281954141866504138e+00 2.076430501316933519e+00
7.466844220943619881e+00 2.667441460241298135e+00 1.551253429557533758e+00 9.638507174580171366e+00 6.399966214270992992e+00 6.905776905568361101e+00 5.497903953911961850e+00 1.089660128502122838e+01 5.661851962972882291e+00 9.134089943323628447e+00
3.237349531360119936e+00 1.037558550363236076e+00 5.030310744536378387e+00 8.622673394634315924e-01 1.003771306759032633e+01 2.300353187162511581e+00 1.192982890653791195e+01 4.763132720966060774e+00 5.148298941192599898e+00 7.431645719447605991e+00
6.349233477784417268e+00 4.246385563819045750e+00 1.426862301779527664e+00 7.756701544491034994e+00 7.437081096296870308e-01 8.367417455654365455e+00 2.472397137272998258e+00 1.412846914749783078e+00 6.441028086042715373e+00 2.836949472790481153e+00
6.777033433223278003e+00 1.882354007235959248e+00 3.529185183364123013e+00 6.379271263315644980e+00 1.165056057543844226e+00 1.825362690233597318e+00 1.488434175838397655e+00 9.709262753430693005e-01 3.008103364552045189e+00 3.765996288770021572e-01
4.759008696560550256e+00 6.046762344942988143e+00 7.809085995078486775e+00 1.256399478092229494e+01 4.842437034819822905e+00 7.051120448741901470e+00 2.522317172404737295e+00 3.409412702459152733e+00 7.744790838406191646e+00 5.977321560828258384e+00
6.938670341752997572e+00 5.409900952233764215e+00 5.454745432615441203e+00 1.364947731842084977e+01 1.315616023747862906e+00 8.529607659986373491e+00 1.794458634536332475e+00 3.372119961982394276e+00 6.263426809960579433e+00 2.286630711177661812e+00
