3.143638905631371117e+01 1.160761879639846939e+01 5.344311406714664514e+01 1.318792130262477968e+01 1.966684011715906877e+01 1.271855009521770263e+01 4.049119311057140891e+01 2.365323191022028837e+01 2.042930969787703788e+01 2.280067224030484141e+01
8.879214670682406663e+00 2.435288663974424139e+01 1.266424865667573840e+01 2.051298203358487271e+01 1.344615089812711162e+01 1.659794637839290488e+01 7.695137058139642328e+00 1.191541634867136423e+01 1.716410146155159921e+01 1.109630731553337135e+01
1.659381939270214090e+01 7.649784566846884459e+00 9.323642496066906205e+00 2.518921922440132022e+00 4.032167339921770122e+01 1.047136829805454816e+01 1.959625839512961676e+01 2.062921968637499504e+01 1.619415701679556818e+01 2.170846186917475151e+01
5.343329442422771969e+00 4.776608196719489996e+00 2.096165853800724577e+01 1.173729025152784367e+01 4.018539602443831171e+01 1.553231147463921680e+01 1.506203668917697414e+01 2.162253893814136418e+01 2.478974816755750865e+01 2.322058402391282783e+01
2.657984040199617759e+00 3.097665929624926306e+01 1.729358160093889296e+01 1.150142048274511097e+01 9.939078363544370021e+00 1.245656503082157052e+01 7.936230384229931545e+00 5.900979801167829386e+00 2.111653546916586066e+01 9.486374895910826055e+00
1.325166825499639600e+01 1.289032740576081970e+01 1.208368545103576963e+01 1.438328060728198032e+01 2.212686156001475268e+01 2.452297345604503320e+01 2.774257044179046616e+01 2.492881478120353833e+01 2.311272884187100018e+01 1.773898817746094281e+01
1.890292178875335338e+01 5.894221184057474971e+00 1.437946463383999252e+01 8.413204648291646492e+00 4.223085891861879304e+01 8.723707050027478260e+00 2.292539114488326746e+01 1.415771490661608389e+01 7.102968008551033385e+00 2.553445582010236237e+01
1.059071620044583106e+01 1.460868396559682125e+01 1.619701179226031229e+01 2.462589047847832902e+01 2.902410985656208453e+01 1.290234249405737543e+01 2.381023282376523653e+01 2.446349340781499748e+01 2.823887641388518688e+01 2.484658209009316110e+01
6.693586011403167113e+00 3.444619096381222079e+01 1.448994385235557303e+01 1.407022197732401381e+01 1.239998383275790372e+00 1.268628932200568293e+01 1.030668473900466964e+01 6.689248962737154081e+00 1.521614891718719420e+01 1.121279858326884415e+01
1.561453963996524230e+01 2.298654078634336351e+00 6.869793397897542953e+00 1.124575271926179809e+01 7.155751249018197591e+00 2.776709195791080997e+00 1.954284005213449582e+00 2.172726488342096829e+01 2.941587536780119638e+00 1.372113788274636548e+01
2.385464395184569852e+01 4.557654914627065956e+00 1.561787202696727483e+01 1.438414413014397297e+01 1.967569843994484913e+01 1.889534519804425727e+01 2.145447649786318323e+01 7.350423425536350308e+00 1.265779680313516842e+01 2.225098242757232114e+01
3.832539487432536163e+01 2.558864218670570789e+00 2.234045249518922560e+01 1.449975583857374772e+01 1.337535110270614247e+01 2.174849310887170972e+01 3.014942194626858196e+00 1.412374268011819822e+01 1.335473675205680344e+01 1.258390555293998858e+01
1.730203426262187483e+00 3.351150037962254657e+01 2.076047463832365736e+01 1.573805619504147302e+01 1.908893492347976562e+01 1.165984348678725091e+01 9.871593194288982076e+00 1.499686667087248537e+01 2.414064099691447041e+01 7.751596860352021778e+00
4.534562373274883207e+00 1.939261390556398368e+01 1.145757127548025700e+01 1.351484154158463014e+01 3.338657600013944204e+01 1.726780416899467241e+01 1.823117504674645417e+01 1.476825440476252815e+01 2.634119660339481328e+01 2.157606372409123452e+01
1.307366709647170033e+01 7.027453382207921706e+00 1.588836870495340747e+01 3.445790212288876120e+01 1.635175517422964830e+01 2.762468593290111230e+01 6.248403790974721872e+00 1.140128829340157246e+00 1.415145916081343813e+01 1.794347151229768045e+01
8.965430576286840259e-01 1.772915703756094530e+01 1.127891664285404616e+01 2.099717906988433214e+01 1.077008914722873634e+01 9.834600250573034330e+00 1.095438519225489493e+01 9.483169415824654891e+00 1.376981249451644906e+01 1.229632723153179974e+01
2.068571248359367587e+01 6.251290708878738389e-01 1.628162416570619087e+01 5.773993373054360667e+00 2.652158734643413140e+01 1.552130140605816244e+01 3.123538201060991426e+01 2.254532278807604229e+01 2.016562979198074146e+01 2.435810063606990994e+01
4.299490714679095049e+01 4.323875362995434735e+00 1.926259002756505367e+01 1.563065811162693564e+01 1.875659157632971130e+01 1.599254643720924562e+01 1.111238665856505037e+01 1.370306250739894693e+01 9.140870689112297498e+00 1.344405240824297998e+01
2.133697641099561793e+01 1.975794743609417026e+01 2.083617764713150322e+01 8.464681165339728253e+00 4.363579211302117500e+01 1.528967881245048055e+01 3.048079947330097639e+01 3.354382870020507568e+01 1.783575087527620440e+01 3.716669525926409534e+01
2.172854935057168646e+01 9.382344220302586635e+00 1.933813565331816520e+01 1.662434163733801995e+01 2.191936998095647482e+01 8.512145164438098988e+00 1.451695946137807347e+01 3.662102364635849483e+01 1.937849153989060369e+01 3.310630969926951650e+01
6.933935851075985646e+00 1.429268872173158123e+00 1.887740960757488651e+01 1.414034584046291165e+01 3.058660302174675749e+01 1.358860820258245994e+01 1.964731138814657285e+01 2.183794344609321314e+01 1.560637939425013521e+01 3.019776136056247395e+01
6.325574890750232271e+00 4.264387205965191896e+01 1.355558747032978317e+01 2.468029408062611907e+01 8.313409529112703922e+00 1.650213255698449544e+01 1.672670088999213078e+01 1.437577923599581986e+01 1.699915142211596475e+01 1.895886036068133151e+01
4.317410560624914240e+00 3.385430701814217969e+01 1.205223210044785098e+01 2.164877287281000662e+01 8.616020244363845393e+00 1.750026924564740582e+01 1.203566526008101434e+01 1.660853203167294012e+01 2.500467610844746957e+01 2.569389767138608605e+01
5.397579481886181085e+00 2.238029042710520145e+01 1.026104480496578297e+01 1.769245478293052543e+01 1.446290805689226566e+01 2.336408042148315189e+01 1.678544592103093436e+01 1.654059562035539699e+01 1.842999309452387280e+01 2.429713763415515970e+01
2.677705707321208095e+01 2.476265610769160119e+01 2.410726988110350177e+01 1.610429247577186374e+01 2.700698808294975706e+01 2.499357737662490919e+01 5.873356913712223104e+01 1.349086253623604392e+01 2.371171140298191560e+01 2.243981800352570133e+01
3.238183376038957118e+00 3.031965920915030210e+01 9.067268959499230618e+00 9.482321573321440766e+00 1.060711168902363388e+00 1.100296786743111177e+01 6.220353747661696353e+00 9.058807448252629513e+00 1.263289744704618300e+01 4.914132021090301450e+00
1.499110267787082940e+01 2.104641240952744852e+01 1.538653813415003846e+01 4.168746487220489882e+01 1.173896085320780358e+01 2.853958683209195257e+01 1.614289562656272281e+01 1.260548258807993527e+01 2.537741671138929433e+01 2.747245905288344758e+01
1.028995490389578826e+01 6.118930897890450638e+00 1.583080725079279283e+01 3.413195286205551238e+00 2.604359247764153196e+01 6.742388152939108537e+00 1.349185373089764362e+01 1.601315863461868005e+01 6.625177303311525989e+00 1.278448517630371839e+01
1.962323799337896801e+01 1.864660548841938237e+01 2.884492723139658565e+01 1.360334016010827085e+01 2.494668662847109886e+01 2.846374155350676816e+01 1.380055365062465356e+01 1.088149170969445123e+01 3.890400070785548792e+01 1.962550848423503069e+01
4.759800668573289428e+00 4.546197649059057966e+01 1.604867975327180929e+01 2.119623574417184386e+01 2.744012243500969284e+00 1.774412417216146665e+01 1.112633869952863463e+01 1.677398254698661262e+01 1.856153993798016444e+01 2.148306344142461910e+01
4.822683748530118386e+00 4.134298699918967657e+01 1.489902314886501600e+01 1.917602680737295628e+01 6.412448706348037319e+00 1.387842157243324692e+01 1.261413203438514863e+01 1.801959343615906661e+01 1.137049055860906854e+01 1.558781316793979599e+01
1.934721653695128296e+01 8.853483164909434322e+00 8.154350508907738160e+00 1.379728110749437420e+01 1.981084333918440521e+01 2.919567868014623713e+01 1.119386753151875702e+01 1.085506666124113551e+01 2.769994230040997962e+01 2.117976931646250094e+01
1.156889812905373738e+01 8.800100908807070965e+00 9.581498168528651549e-01 1.275871138706798114e+01 2.353487985877755406e+01 1.373623132739822061e+01 5.741016231907998701e+00 2.349294055002083326e+01 1.073463639724723961e+01 2.560953057791609311e+01
2.287421432718223002e+01 2.605657176426466748e+01 1.823445352075275139e+01 3.004441715569155136e+01 1.887413375010114081e+01 2.258280551635684930e+01 5.179177924420110912e+01 1.059865623272784951e+01 2.857537046037293749e+01 2.223311344932896105e+01
6.627231199577702903e+00 3.798750736835346942e+01 1.263254603184648772e+01 1.461473683405074908e+01 1.966956935402785822e+00 1.509373291910420534e+01 1.009680819814781749e+01 7.871987483958804432e+00 1.947787426949435030e+01 1.387837919726396407e+01
2.540820980522457617e+01 1.432408389328939791e+01 2.012613657475945672e+01 4.127928408441837860e+01 2.119097637981334259e+01 4.204923405437044437e+01 2.513073385940977644e+01 1.558155765158842776e+01 2.878015462489131693e+01 2.663533501411317772e+01
2.147419500573734652e+01 9.997458942099916257e+00 1.163980536477740024e+01 1.751716053182849464e+01 5.336726369138033021e+01 1.211479547879397600e+01 2.677349957277897019e+01 3.123864556456763708e+01 1.635836996155464718e+01 3.080125606008154548e+01
1.629722897329186182e+01 2.081273108818468387e+01 5.637525631778119717e+00 9.157562149058847467e+00 2.665106483918537705e+01 1.861669913355733641e+01 1.117546304372445931e+01 2.915878198798547416e+01 2.066496723572964100e+01 2.077678143332721561e+01
2.347782174984093828e+01 4.941517378502187974e+00 1.201739852879917336e+01 1.844563626654758082e+01 7.324096079806778903e+00 2.977354598129781760e+00 2.698482885501305439e+00 2.780081371527018064e+01 7.130678417580395667e+00 2.676827200513659122e+01
2.623686085495078046e+01 3.097632270760386497e+00 4.495624315186668696e+01 2.300449448469354152e+01 7.433607221756576067e+00 1.005474269465619308e+01 3.360000918716465179e+01 2.321541399441923659e+01 2.067794900368238942e+01 7.231621532568246913e+00
2.069278161480785982e+01 2.788324683498904832e+01 4.432115676533688031e+01 4.456484177174551320e+01 1.604746955202583258e+00 3.082598476213145844e+01 2.097972925242872577e+01 1.186009507879822955e+01 3.553958111405384557e+01 1.979074088059826053e+01
1.224144513188942263e+01 2.427089104095014349e+01 3.000776258408805575e+01 5.324698735838026664e+01 6.016580333349577536e+00 2.684750726834870349e+01 2.265457209249439785e+01 2.814729062358411582e+01 2.107064317350106464e+01 1.513936592791249858e+01
1.074550022956061923e+01 3.311095149154734685e+00 8.015122233276162689e+00 8.036470943870178019e+00 3.090640186608725060e+01 8.327133020192903246e+00 1.002422604288229735e+01 1.700169931189316941e+01 7.905790049048905921e+00 2.276377231092950026e+01
2.238522275186058863e+01 1.127842070694877741e+01 2.015982062078482429e+01 1.528661227259511257e+01 7.652386431697586033e+00 1.182534880514433340e+01 9.024960280981490612e+00 3.612922727212549745e+01 1.779012402629069101e+01 1.488915187940843232e+01
1.028280026973128791e+01 2.195297778558532364e+00 7.853865564866878479e+00 1.083679038464736344e+01 4.420576568655969041e+00 9.588825558440577268e+00 5.973096131812723364e+00 3.012030303025719391e+01 6.274281491348431494e+00 1.733658506227065743e+01
3.704016058977115478e+01 1.117344693034919878e+01 2.177230235756821131e+01 2.517195515419687268e+01 8.925666110093544603e+00 1.723248564183956333e+01 1.959515007890502858e+01 6.985951098107264556e+00 1.402936227419539073e+01 3.321626614580956094e+00
1.445508778088504620e+01 3.433343255642925840e+01 2.503249145051259816e+01 3.107738901150818833e+01 2.090335084687763612e+01 2.288010161904819384e+01 1.086798712469606620e+01 2.178480730387741460e+01 2.743212392436404201e+01 2.442391872921324847e+01
1.002782665602058998e+01 3.801484748630897137e+00 1.056157811050522177e+01 7.223098188975252576e+00 3.091745103577321885e+01 1.157199216243928674e+01 1.404666731359754728e+01 2.046913198091516151e+01 1.732349246222200279e+01 2.871016306276924368e+01
5.896903053715754339e+01 6.666091543273585884e+00 3.282679644505711991e+01 5.108949721120273679e+00 1.642341108999216814e+01 2.683865101005961407e+01 2.690349946779814161e+01 2.542596154659079488e+01 2.589306707436647059e+01 2.434697362380459396e+01
2.468399519953262100e+01 1.071089295483034221e+01 2.436085584920437341e+01 1.279148331327257182e+01 2.871143605417671552e+01 8.882058050187591647e+00 3.933307140817267822e+01 2.417982822021516043e+01 1.269115506241022828e+01 1.598942917259137175e+01
7.761031650121672953e+00 4.692556243574361474e+01 1.522878240547504980e+01 1.618239607235771516e+01 4.284205371761889758e+00 1.715189093992034230e+01 1.491167922651107958e+01 1.219662095127703871e+01 1.897116787607336619e+01 1.563615051948771928e+01
1.573314430034031552e+01 6.685308608037391132e+00 9.745025246712559763e+00 8.641812768417288737e+00 1.332409080412124602e+01 9.475895341104669356e+00 7.899742983416102149e+00 3.067965518524222190e+01 1.454248030206487918e+01 1.948631949426357224e+01
1.341368911848869949e+01 4.326164468511390915e+00 2.186732806476672408e+01 1.361421055824878401e+01 3.492168120447440316e+01 1.627960578776475131e+01 3.232737482352180791e+01 2.564379317463138008e+01 2.547493205220386159e+01 3.053096061296274755e+01
3.295543040252628675e+00 1.678421157353275461e+01 1.741246731492704214e+01 1.186807383452644160e+01 1.491162295587630204e+01 1.800819261660456760e+01 2.553974093518676014e+01 7.755207774597222325e+00 1.261678930614722383e+01 1.324967797556030646e+01
2.994470441601622213e+01 6.995534925090815648e+00 5.395067037318622738e+01 3.092985132853632280e+01 2.164063256600223184e+01 1.363012158529968332e+01 3.306708003963731102e+01 7.644086854288580923e+00 2.109758076575008801e+01 1.664100033889170405e+01
1.436631903501872465e+01 2.414638176954336046e+01 2.129770980387585055e+01 2.363616518298132974e+01 2.220331934323810330e+01 1.552409516131718448e+01 1.030781053588518503e+01 3.888639398029407346e+01 3.630452314831664751e+01 3.294027527323732585e+01
1.297606550183398610e+01 1.370507580784985890e+01 2.562011054929695320e+01 4.520715569106323528e+01 2.130233692408183188e+01 2.780814300357303281e+01 1.103539945685860957e+01 5.313091860933211841e+00 1.674991193217945096e+01 1.882928342477773853e+01
3.428329795765504429e+01 7.715371124539317726e+00 2.291483495565832484e+01 4.931306052170545939e+01 9.375913518562180471e+00 2.834790667299608913e+01 1.779599284977999929e+01 1.927526668320576775e+01 1.775016977763015547e+01 1.815417343122185301e+01
8.079958523409096927e+00 9.155864997380581016e+00 1.598158819343494486e+01 1.128495658272940538e+01 6.940796569371944003e+00 1.167625325178146767e+01 7.719940282221759098e+00 4.142670144989714487e+01 1.376422089127944126e+01 2.270166506762904390e+01
4.987847067595003736e+00 2.339541881100763376e+01 1.496077412756137015e+01 1.341210332080246204e+01 1.099807202260120143e+01 1.080488147394752652e+01 1.002448175411126208e+01 8.145977671319023727e+00 2.141027024044437610e+01 1.090138273870930163e+01
1.417850530323216240e+01 1.518141989894834332e+01 1.538662356123539965e+01 2.179710593581391365e+01 2.864201594773146553e+01 1.806611601290584446e+01 1.737199012610677329e+01 2.349387280906537612e+01 1.826743986587139545e+01 3.993881041123305664e+01
6.706831974979502675e+00 3.727821915664380015e+01 1.522804732583266230e+01 1.636886332313309822e+01 2.273022047592566874e+00 1.211713446703235064e+01 8.481494085611794631e+00 1.122548555815551907e+01 1.459212963885328307e+01 1.434379013108853940e+01
1.360171383942715906e+01 1.694685558029120642e+01 9.103336991232735542e+00 2.468946173912187803e+01 6.543110707383305247e+00 1.913394208900815840e+01 6.460232894625479894e+00 1.420949006925511249e+01 1.852960790158241977e+01 1.690968299386626228e+01
2.695595060274797561e+01 8.401243807220632576e+00 6.999296431760554071e+01 3.393871013930277769e+01 1.714378539169128857e+01 8.658072966469509524e+00 3.305882064507657958e+01 1.773339300785546513e+01 1.870821530178988468e+01 1.145814129779127377e+01
4.487674560517753264e+01 1.524746137248618361e+01 6.835475775934366283e+00 1.269774514019336564e+01 2.062826974527592228e+01 3.311195559360650265e+01 3.748420841588144725e+01 1.536428661649897798e+01 1.240288333210322769e+01 1.442867314732217565e+01
3.328712944301833687e+01 1.282861578184000706e+01 4.213863827489070246e+01 3.515242538711572706e+01 9.961457114383398093e+00 1.548345941425031391e+01 1.934740382295468208e+01 6.229845516029646291e+01 2.460649511112771393e+01 2.468371195382139405e+01
1.263624325861706055e+01 4.392225344095918693e+00 9.055264737887872784e+00 1.773251022910913122e+01 1.469068416984313252e+01 8.787239695965741504e+00 4.977596489917446299e+00 5.433891153521558692e+01 8.534044264972912686e+00 2.937088177322434390e+01
4.327444792081208647e+01 1.974579488258137516e+01 2.829916402221292060e+01 3.555097573036767500e+01 4.696702244310692720e+01 3.260867316788633019e+01 1.976686870138423657e+01 2.363950943308281083e+01 4.576775130401817648e+01 4.512367293916278754e+01
1.737010783564867467e+01 3.018490098097371188e+01 1.914606479895609681e+01 1.406965862191241712e+01 4.822062691180721572e+01 3.048475939842244031e+01 2.061347104783677153e+01 3.255904857750790882e+01 3.118657895548408732e+01 3.248641966872674658e+01
8.988286276836262800e+00 1.605688884561443430e+01 1.809681417834521966e+01 1.544355166431522086e+01 2.314674408841140263e+01 1.550564137254883867e+01 4.783621609346947245e+00 1.539822127896058390e+01 3.098286081381895940e+01 2.214397839878470364e+01
1.594840048667298227e+01 4.011129957901887622e+01 1.636404156976501056e+01 2.765676410895028425e+01 4.887723543072707955e+00 2.409315189643671928e+01 1.815919214035136520e+01 1.695501411453549068e+01 2.412532894774306769e+01 2.080547897754711073e+01
2.162638597924508232e+01 1.055303133286503936e+01 9.837223901239147139e+00 2.151693597132932112e+01 2.696609186587440377e+01 2.324885958165519284e+01 9.798391206901454709e+00 6.811771241055665449e+00 1.305530964694054319e+01 1.463729536012802690e+01
2.377509552621430799e+01 1.610229208515539412e+01 1.751629586754681256e+01 1.683661510506602710e+01 1.214358977260459227e+01 2.273166075480827075e+01 4.557394004426364376e+01 5.082148172942576814e+00 2.176361437039346569e+01 2.144253981555725375e+01
2.991658890909889568e+00 1.100632785506010691e+01 1.403475951235735586e+01 2.083452421699997714e+01 2.610083131815123281e+01 8.086742973353684860e+00 3.567937881947323575e+01 1.405713704563776822e+01 1.905488145642305042e+01 1.643430154901025020e+01
1.608103738049842590e+01 2.178033857320919608e+01 3.743071190680380766e+01 3.879154690662895888e+01 6.510279320306400663e+00 2.677144887869301826e+01 7.676030868530702378e+00 2.286964731397248585e+01 2.376999170240586423e+01 2.259413828272958114e+01
3.329639079675439461e+01 2.544860629027237309e+01 1.724899607915238775e+01 3.922706596939617896e+01 1.101434170761348241e+01 2.657602999339501793e+01 8.875451856407265083e+00 2.225502125887125615e+01 1.987269098689471747e+01 2.198491418705400235e+01
1.212547240212338018e+01 1.201200987616581273e+01 1.382783918227887199e+01 7.565639121310861803e+00 1.393264235656392103e+01 1.937663074162201227e+01 1.888600998018811694e+01 2.021947666552761547e+01 1.771492682086531900e+01 1.022218201153950012e+01
2.020085800900905681e+01 4.321600722038943410e+00 3.861312155112364763e+01 2.551380162325434497e+01 2.048253575795890313e+01 1.902212535397961091e+01 3.362155576800893186e+01 1.358510703028062672e+01 2.301819317870275583e+01 1.554456481745120833e+01
3.389896739210826127e+00 1.893032125089758466e+01 1.998586389153323495e+01 1.601694015844118368e+01 4.926347038129329725e+00 1.110559862641953188e+01 3.039300496315503253e+00 2.066587295564423954e+01 1.569596848434399128e+01 1.609110514050362539e+01
2.889536657256120478e+01 2.037957642241629230e+01 8.825205194344045712e-01 1.779194445799993929e+01 2.336019059203209380e+01 4.419355205590299107e+01 1.706751599051536772e+01 1.480985339336622353e+01 2.109024005344492636e+01 1.567471054944964415e+01
1.672006595213604285e+01 1.217478106390873194e+01 1.586253485117192064e+01 1.999988011472154170e+01 1.325584634842089038e+01 2.469468552582161891e+01 3.190134829775881897e+01 6.853919775480167509e+00 7.652595027388085391e+00 6.586051002326471782e+00
8.473353603183367611e+00 3.627075880862289381e+01 1.460869255743079620e+01 1.669738659319408569e+01 3.100274839581562247e+00 1.078495440452407905e+01 1.086603043326085505e+01 7.956932663051004440e+00 1.933170265586402081e+01 1.003380180081183504e+01
1.789005426938415155e+01 3.748707096450718534e+00 2.358364002085574285e+01 4.521395487842370109e+00 1.878082220733208985e+01 5.033598219245359218e+00 2.630510879109467837e+01 1.605590772542782574e+01 1.706807719660216094e+01 9.157714513490468278e+00
1.284513530254455205e+01 1.525698576942315299e+01 2.287345010609175233e+01 4.745637431396504979e+01 8.284339510819316743e+00 2.629674861549960241e+01 7.615543426091379686e+00 2.618696962502379577e+01 2.076814066191882802e+01 2.408001345577772412e+01
6.007293033589714781e+00 4.096269851108756654e+01 2.654371955423276930e+01 2.035183155869263061e+01 1.440973859360615172e+01 1.707311353562841205e+01 1.103643773178823828e+01 1.895705717467888363e+01 2.784374695565517044e+01 1.145420381538034960e+01
5.264773332035081133e+00 3.687808404509735993e+01 1.387345497759407742e+01 1.526563262078094318e+01 8.091240043514539293e-01 1.101349585981963308e+01 7.085673539160546319e+00 9.606564703653017290e+00 1.498578813149908129e+01 1.565746670913054572e+01
5.183424507199341491e+01 8.014460570772287795e+00 1.490457271414047469e+01 1.113421399326258410e+01 2.674206882819820663e+01 1.997841387721085482e+01 3.140607408573882608e+01 2.261228245576898033e+01 1.433955166371980106e+01 1.778676291515944641e+01
2.412463044425093628e+01 1.507449169497426666e+01 1.109580558009808016e+01 2.292932080060986522e+01 5.948608062953977260e+00 3.187635269765441848e+01 1.188618984179546523e+01 1.700215970817354005e+01 2.095209387398467271e+01 1.543869857194049011e+01
2.519513703105970492e+01 8.420386998842111836e+00 2.269113838543751527e+01 2.925747829647027842e+01 1.390739579935018000e+01 1.201754811005918633e+01 1.922667423075860782e+01 9.348992334159774487e+00 1.775953204473789171e+01 7.474582204078455305e+00
5.293716540442718355e+01 5.379471547287801414e+00 2.338741198197356397e+01 1.368008461364170003e+01 1.022947536013278480e+01 2.165199586147936017e+01 1.042762633379863324e+01 2.102850874566790296e+01 1.948444103126632143e+01 2.589425361890939570e+01
1.059071620044583106e+01 1.460868396559682125e+01 1.619701179226031229e+01 2.462589047847832902e+01 2.902410985656208453e+01 1.290234249405737543e+01 2.381023282376523653e+01 2.446349340781499748e+01 2.823887641388518688e+01 2.484658209009316110e+01
2.980705120962294430e+01 2.135199470238414676e+01 1.989239489573213859e+01 2.452911193274612245e+01 2.957370556232846948e+00 3.466607472593130268e+01 2.509365297999089250e+01 1.617188028951341749e+01 2.373772581386098679e+01 1.483889309952058433e+01
2.974791905198233000e+00 4.366438567666544479e+00 1.285618135440092757e+01 1.010654315880051968e+01 2.331561112502224731e+01 5.734862619241973825e+00 1.107384378374463196e+01 1.962022704473924506e+01 1.394956940214693830e+01 1.550968122289551587e+01
1.226826147684226243e+01 1.011909203879619845e+01 1.464381203305972612e+01 3.237765856233812656e+01 1.236062342590486374e+01 1.810375169950613738e+01 1.276006541365565106e+01 1.398254454669653235e+01 1.206307682487095612e+01 1.212178352504299816e+01
1.781931568684887779e+01 9.611955912482526898e+00 4.944457181153001102e+01 3.082411715184271372e+01 1.153726291534932535e+01 8.776946678143533020e+00 2.793224128061448042e+01 1.451446256755390252e+01 2.918536373176700494e+01 2.205565286372901568e+01
2.145057452574276979e+01 1.453520803055508104e+01 1.464435678526836959e+01 1.149941435301276726e+01 1.281044189883414042e+01 3.666198974444454706e+01 1.904790431355502278e+01 1.331803078067526869e+01 2.102112977509516512e+01 1.132326627175073597e+01
2.392780493055420266e+01 1.827378110169989966e+01 3.354174946319956518e+01 1.681785001381181033e+01 1.538597490080502439e+01 2.339381269199095215e+01 2.580376582879894087e+01 9.041467784508116168e+00 2.097037481541593706e+01 2.167299628090350083e+01
2.580381693823350275e+01 1.813715754474382891e+01 2.714471693567760724e+01 4.195903627620496934e+01 1.590295465184348345e+01 2.412328142922831020e+01 4.186664160857269934e+01 1.740544165620712747e+01 2.045480357778425784e+01 1.019226358058961246e+01
2.933081737384754462e+01 1.453145081580033970e+00 1.273022311757197933e+01 2.318690146121038964e+01 2.928747571231245317e+01 2.658498771596084964e+01 1.381944148942663375e+01 4.839526423242566722e+01 1.676988315826520903e+01 3.947281304630875098e+01
2.479460417211731738e+01 1.657370546446961512e+01 1.258971395669039595e+01 3.012724944101050539e+01 1.344214900229642140e+01 3.399064498772010268e+01 1.133559929289767432e+01 1.193251884408067198e+01 1.756103773219992803e+01 2.112194031202322009e+01
