1.682157070724168178e-09 3.920859094143514699e-09 3.011467700193382662e-09 3.951927158076655547e-09 1.822472843281217713e-09 2.953422849723956596e-09 1.444609366774516450e-09 4.561859315074652380e-09 2.835343849358297930e-09 2.798263655926240929e-09
1.577466419557963479e-09 3.658611670000990382e-09 3.469443005758210718e-09 4.385986372304062617e-09 2.321840096486920458e-09 2.720298042914320419e-09 1.824055577772532233e-09 4.473825931163381051e-09 2.567133021692199172e-09 3.479615600254442688e-09
1.744357137594097874e-09 4.350735909586422505e-09 3.550098149805326562e-09 4.875261527860520473e-09 2.506143877366189213e-09 3.740002061742673079e-09 1.865257218251834685e-09 4.824627415901368249e-09 3.666192841358973341e-09 3.253495628636915700e-09
1.696300949071959309e-09 3.916758000802562281e-09 3.618341493183230008e-09 4.923722492716472050e-09 2.811131940219273947e-09 2.928274333247852210e-09 1.590667272993479873e-09 4.538625600692702463e-09 2.791622270217738238e-09 3.494068944001850116e-09
1.372467775202991809e-09 4.199701375415620939e-09 3.316156575436662852e-09 4.520788480074117358e-09 3.311384666637768182e-09 4.036892677501571323e-09 2.778411044431582706e-09 5.454384458776129573e-09 3.290443831028869128e-09 4.213353487654860834e-09
9.985177094046242587e-10 2.675614643613773030e-09 2.176398147777204271e-09 2.530743434014382029e-09 7.805225078895903456e-10 1.486122314610568234e-09 7.226447760906314035e-10 2.636980827956481629e-09 1.030841536124581452e-09 1.620771895190793801e-09
5.006835805738522027e-10 2.616656497283927292e-09 2.063316729466053236e-09 2.574640024244332585e-09 1.437933091276828889e-09 2.208112945594588102e-09 1.299224669679957107e-09 3.110035531080709699e-09 1.635597982488148648e-09 1.957359900313137410e-09
9.291883962222077026e-10 3.510644653290714336e-09 2.962398429785283209e-09 3.531366680611687731e-09 2.562655230429896899e-09 2.885176988610074551e-09 2.093891880865886661e-09 3.594329666084948694e-09 2.177088824676419366e-09 2.767769442700787542e-09
1.845808066315956696e-09 5.384170902151578154e-09 4.796536140767020007e-09 6.081639554021466308e-09 3.907860403726798050e-09 4.538179097680550676e-09 2.844349961959048895e-09 6.636782558678532792e-09 3.998428958462895488e-09 4.815395328203954542e-09
1.600224402695811641e-09 4.841700118032783823e-09 4.638387388966142005e-09 5.465797894104459648e-09 3.252913293165249279e-09 4.260668459507268461e-09 2.265875379178281398e-09 4.971235343948743743e-09 4.118650216725439476e-09 3.985845393092595647e-09
1.685278585290995935e-09 3.995930105319841612e-09 3.494581235998386282e-09 4.766554809831538018e-09 2.656533460467340330e-09 4.065556614063880204e-09 2.121956730215749066e-09 4.511397874954612287e-09 3.192080484562320119e-09 3.967911070057177010e-09
1.078751648897251540e-09 4.017294639138097117e-09 2.797424297965657819e-09 3.721730658348791339e-09 1.861459295274965138e-09 2.664014069320637722e-09 1.489727467804971486e-09 4.196746372467537845e-09 2.448501366112751643e-09 2.290360661721463752e-09
7.575127034917859317e-10 2.176862083021766908e-09 3.027680685428848980e-09 3.856142182312505903e-09 2.447812511357656773e-09 3.162210483165740197e-09 1.505684959457307153e-09 2.559601277729659754e-09 1.960689171239680698e-09 3.030817540191830510e-09
3.306849875102388388e-09 5.637954225184427009e-09 5.116328503400330004e-09 6.183607594268052743e-09 1.991933446233579109e-09 3.411889860127530249e-09 1.327559409081815636e-09 5.854599803144864552e-09 3.255662803258414120e-09 3.448730625793461147e-09
8.649541121562591657e-10 2.722595699469461205e-09 2.247166381666976774e-09 2.683079728849769417e-09 1.045246624050334663e-09 2.510591079334141905e-09 1.337008941137669629e-09 3.063177575831229471e-09 1.864052610233328041e-09 1.965819986445050177e-09
4.632831766787617665e-10 1.906119350594101619e-09 1.142126740173007327e-09 1.489438159503617652e-09 8.865175596958266047e-10 1.370254442856805999e-09 8.933654731311100955e-10 1.971615545430091079e-09 1.068199038929332939e-09 1.129893733618582223e-09
1.975063069144022985e-09 4.671833668878122230e-09 4.772362358028036179e-09 6.115127775436060120e-09 3.185038717237925317e-09 4.068944524656945047e-09 1.927829149365935960e-09 5.217353990925751766e-09 3.612433588923101596e-09 4.304268213264205403e-09
7.754474005943171143e-10 2.226322874582669914e-09 1.727060308819177099e-09 2.258774232060483819e-09 1.344996034037539195e-09 1.809548106213494801e-09 1.164317486267100318e-09 2.721592385224733478e-09 1.407285168886609103e-09 1.809392802646221666e-09
1.391372248788396522e-09 3.216731660719983245e-09 3.518514113131304192e-09 4.206566711158401832e-09 2.511638220781029885e-09 3.481083603544998370e-09 2.022876824995628525e-09 3.465931153200988171e-09 3.055830011701223929e-09 3.629140411177511566e-09
5.226486135235659269e-10 3.339625375384708623e-09 2.039073252686845453e-09 2.626457368791269628e-09 1.228278081312021310e-09 2.360712685948166196e-09 1.345140045862829474e-09 3.318857069780835013e-09 1.849974447063052164e-09 1.904744648834172900e-09
